.begin 9
.V 0 24 25
.V 7 24 25
.V 11 0 3
.V 11 3 13
.V 0 13 24
.H 0 24 7
.H 0 13 11
.end
.begin 1
.V 1 23 25
.V 5 23 25
.V 7 0 14
.V 9 0 14
.V 10 21 23
.V 11 14 21
.H 1 23 10
.H 7 14 9
.H 9 14 11
.H 10 21 11
.end
.begin 2
.V 2 22 25
.V 2 4 22
.V 5 3 4
.V 8 0 3
.H 2 4 5
.H 5 3 8
.end
.begin 5
.V 2 0 3
.V 3 22 25
.V 4 3 20
.V 4 0 3
.V 5 20 22
.V 11 23 25
.V 11 22 23
.H 2 3 4
.H 3 22 11
.H 4 20 5
.end
.begin 7
.V 4 21 25
.V 6 0 4
.V 6 4 19
.V 7 19 21
.H 4 21 7
.H 6 19 7
.end
.begin 6
.V 6 20 25
.V 10 0 3
.V 10 3 20
.H 6 20 10
.end
.begin 3
.V 1 0 2
.V 3 0 5
.V 8 5 25
.H 1 2 3
.H 3 5 8
.end
.begin 4
.V 5 0 1
.V 9 15 25
.V 0 0 6
.V 5 6 15
.H 0 1 5
.H 0 6 5
.H 5 15 9 
.end
