.begin 1
.V 0 14 15
.H 0 14 1
.H 1 14 2
.H 2 14 3
.H 3 14 4
.H 4 14 5
.H 5 14 6
.V 6 1 14
.H 6 1 7
.H 7 1 8
.H 8 1 9
.H 9 1 10
.H 10 1 11
.H 11 1 12
.V 12 0 1
.end
.begin 2
.V 0 0 1
.V 0 1 13
.H 0 13 1
.V 1 13 15
.H 1 13 2
.V 2 13 15
.end
.begin 3
.V 10 0 2
.H 10 2 11
.V 11 0 2
.V 11 2 11
.H 11 11 12
.V 12 14 15
.V 12 11 14
.end
.begin 4
.V 1 0 1
.V 1 1 12
.H 1 12 2
.H 2 12 3
.V 3 13 15
.V 3 12 13
.end
.begin 5
.V 2 0 1
.V 2 1 11
.H 2 11 3
.H 3 11 4
.V 4 13 15
.V 4 11 13
.end
.begin 6
.V 9 0 2
.V 9 2 13
.H 9 13 10
.V 10 14 15
.V 10 13 14
.end
.begin 7
.V 8 0 2
.V 8 2 7
.H 8 7 9
.H 9 7 10
.V 10 7 12
.H 10 12 11
.V 11 14 15
.V 11 12 14
.end
.begin 8
.V 3 0 1
.H 3 1 4
.V 4 0 1
.V 4 1 10
.H 4 10 5
.V 5 13 15
.V 5 10 13
.end
.begin 9
.V 7 0 2
.V 7 2 8
.H 7 8 8
.V 8 14 15
.V 8 8 14
.H 8 14 9
.V 9 14 15
.end
.begin 10
.V 5 0 1
.V 5 1 9
.H 5 9 6
.H 6 9 7
.V 7 14 15
.V 7 9 14
.end
