.begin 1
.V 1 9 10
.V 1 7 9
.H 1 7 2
.H 2 7 3
.H 3 7 4
.H 4 7 5
.V 5 9 10
.V 5 7 9
.H 5 7 6
.H 6 7 7
.V 7 0 1
.V 7 1 7
.H 7 1 8
.H 8 1 9
.V 9 0 1
.end
.begin 2
.V 2 9 10
.V 2 2 9
.H 2 2 3
.H 3 2 4
.H 4 2 5
.H 5 2 6
.H 6 2 7
.H 7 2 8
.V 8 0 2
.end
.begin 3
.V 1 0 1
.V 1 1 3
.H 1 3 2
.H 2 3 3
.V 3 0 3
.H 3 3 4
.H 4 3 5
.H 5 3 6
.H 6 3 7
.H 7 3 8
.V 8 7 10
.V 8 3 7
.end
.begin 4
.V 0 0 1
.V 0 1 4
.H 0 4 1
.H 1 4 2
.H 2 4 3
.H 3 4 4
.H 4 4 5
.V 5 0 1
.V 5 1 4
.H 5 4 6
.H 6 4 7
.H 7 4 8
.H 8 4 9
.V 9 7 10
.V 9 4 7
.end
.begin 5
.V 2 0 1
.H 2 1 3
.V 3 9 10
.V 3 5 9
.H 3 5 4
.H 3 1 4
.V 4 0 1
.V 4 1 5
.H 4 5 5
.H 5 5 6
.H 6 5 7
.H 7 5 8
.H 8 5 9
.H 9 5 10
.V 10 7 10
.V 10 5 7
.end
.begin 6
.V 6 9 10
.H 6 9 7
.H 7 9 8
.H 8 9 9
.H 9 9 10
.V 10 0 1
.H 10 9 11
.H 10 1 11
.H 11 9 12
.H 11 1 12
.V 12 0 1
.V 12 1 9
.end
.begin 7
.V 4 9 10
.V 4 8 9
.H 4 8 5
.H 5 8 6
.V 6 0 1
.V 6 1 8
.end
.begin 9
.V 0 9 10
.V 0 6 9
.H 0 6 1
.H 1 6 2
.H 2 6 3
.H 3 6 4
.H 4 6 5
.H 5 6 6
.H 6 6 7
.V 7 8 10
.H 7 8 8
.H 7 6 8
.H 8 8 9
.H 8 6 9
.H 9 8 10
.H 9 6 10
.H 10 8 11
.H 10 6 11
.V 11 0 2
.V 11 2 8
.end
