.begin 1
.V 2 0 13
.H 2 12 3
.H 3 12 4
.H 4 12 5
.H 5 12 6
.H 6 12 7
.H 7 12 8
.H 8 12 9
.V 9 12 13
.H 9 12 10
.H 10 12 11
.H 11 12 12
.H 12 12 13
.H 13 12 14
.H 14 12 15
.H 15 12 16
.H 16 12 17
.H 17 12 18
.H 18 12 19
.H 19 12 20
.H 20 12 21
.H 21 12 22
.V 22 12 13
.end
.begin 2
.V 0 12 13
.V 0 10 12
.H 0 10 1
.H 1 10 2
.H 2 10 3
.H 3 10 4
.H 4 10 5
.H 5 10 6
.H 6 10 7
.H 7 10 8
.H 8 10 9
.H 9 10 10
.H 10 10 11
.H 11 10 12
.V 12 0 9
.V 12 9 10
.H 12 9 13
.H 13 9 14
.H 14 9 15
.H 15 9 16
.H 16 9 17
.H 17 9 18
.H 18 9 19
.H 19 9 20
.V 20 11 13
.V 20 9 11
.H 20 9 21
.H 21 9 22
.H 22 9 23
.V 23 3 9
.H 23 3 24
.H 24 3 25
.V 25 0 3
.end
.begin 3
.V 11 0 1
.H 11 1 12
.H 12 1 13
.H 13 1 14
.V 14 10 13
.H 14 10 15
.H 14 1 15
.H 15 10 16
.H 15 1 16
.H 16 10 17
.H 16 1 17
.V 17 0 1
.V 17 1 10
.H 17 10 18
.H 18 10 19
.H 19 10 20
.H 20 10 21
.H 21 10 22
.H 22 10 23
.V 23 12 13
.V 23 10 12
.end
.begin 4
.V 3 0 4
.H 3 4 4
.V 4 4 13
.H 4 4 5
.H 5 4 6
.H 6 4 7
.H 7 4 8
.H 8 4 9
.H 9 4 10
.H 10 4 11
.H 11 4 12
.H 12 4 13
.V 13 0 4
.H 13 4 14
.H 14 4 15
.H 15 4 16
.H 16 4 17
.H 17 4 18
.V 18 0 1
.V 18 1 4
.H 18 4 19
.H 19 4 20
.H 20 4 21
.H 21 4 22
.H 22 4 23
.H 23 4 24
.V 24 4 7
.H 24 7 25
.V 25 7 11
.H 25 11 26
.H 26 11 27
.V 27 12 13
.V 27 11 12
.end
.begin 5
.V 4 0 2
.H 4 2 5
.H 5 2 6
.H 6 2 7
.V 7 9 13
.H 7 9 8
.H 7 2 8
.H 8 9 9
.H 8 2 9
.H 9 9 10
.H 9 2 10
.H 10 9 11
.H 10 2 11
.V 11 9 13
.V 11 2 9
.H 11 2 12
.H 12 2 13
.H 13 2 14
.H 14 2 15
.H 15 2 16
.V 16 0 2
.H 16 2 17
.H 17 2 18
.H 18 2 19
.H 19 2 20
.H 20 2 21
.H 21 2 22
.H 22 2 23
.H 23 2 24
.V 24 0 2
.H 24 2 25
.H 25 2 26
.H 26 2 27
.V 27 0 1
.V 27 1 2
.end
.begin 6
.V 5 8 13
.H 5 8 6
.H 6 8 7
.H 7 8 8
.H 8 8 9
.H 9 8 10
.H 10 8 11
.H 11 8 12
.H 12 8 13
.H 13 8 14
.H 14 8 15
.V 15 8 13
.H 15 8 16
.H 16 8 17
.H 17 8 18
.H 18 8 19
.V 19 0 1
.H 19 8 20
.H 19 1 20
.V 20 1 8
.H 20 8 21
.H 21 8 22
.H 22 8 23
.H 23 8 24
.V 24 12 13
.V 24 8 12
.H 24 12 25
.V 25 12 13
.end
.begin 8
.V 0 0 4
.V 0 4 7
.H 0 7 1
.H 1 7 2
.H 2 7 3
.H 3 7 4
.H 4 7 5
.H 5 7 6
.V 6 7 13
.H 6 7 7
.V 7 0 7
.H 7 7 8
.H 8 7 9
.H 9 7 10
.H 10 7 11
.H 11 7 12
.H 12 7 13
.V 13 10 13
.V 13 7 10
.H 13 7 14
.H 14 7 15
.H 15 7 16
.H 16 7 17
.H 17 7 18
.H 18 7 19
.H 19 7 20
.H 20 7 21
.V 21 0 1
.V 21 1 7
.end
.begin 10
.V 1 12 13
.V 1 11 12
.H 1 11 2
.H 2 11 3
.H 3 11 4
.H 4 11 5
.H 5 11 6
.H 6 11 7
.H 7 11 8
.V 8 0 3
.H 8 11 9
.H 8 3 9
.H 9 11 10
.H 9 3 10
.V 10 0 3
.H 10 11 11
.H 10 3 11
.H 11 11 12
.H 11 3 12
.H 12 11 13
.H 12 3 13
.H 13 11 14
.H 13 3 14
.H 14 11 15
.H 14 3 15
.H 15 11 16
.H 15 3 16
.H 16 11 17
.H 16 3 17
.H 17 11 18
.H 17 3 18
.H 18 11 19
.H 18 3 19
.V 19 11 13
.V 19 3 11
.end
.begin 11
.V 5 0 5
.H 5 5 6
.H 6 5 7
.H 7 5 8
.V 8 5 13
.H 8 5 9
.H 9 5 10
.H 10 5 11
.H 11 5 12
.H 12 5 13
.H 13 5 14
.V 14 0 5
.H 14 5 15
.H 15 5 16
.H 16 5 17
.H 17 5 18
.V 18 6 13
.V 18 5 6
.end
.begin 12
.V 1 0 4
.V 1 4 6
.H 1 6 2
.H 2 6 3
.H 3 6 4
.H 4 6 5
.H 5 6 6
.H 6 6 7
.H 7 6 8
.H 8 6 9
.V 9 0 6
.H 9 6 10
.V 10 6 13
.H 10 6 11
.H 11 6 12
.H 12 6 13
.H 13 6 14
.H 14 6 15
.H 15 6 16
.V 16 6 13
.end
.begin 14
.V 21 11 13
.H 21 11 22
.V 22 0 1
.V 22 1 11
.end
.begin 20
.V 23 0 1
.H 23 1 24
.H 24 1 25
.H 25 1 26
.V 26 0 13
.end
