.begin 1
.V 4 18 23
.V 4 3 18
.H 4 3 5
.H 5 3 6
.H 6 3 7
.H 7 3 8
.H 8 3 9
.H 9 3 10
.H 10 3 11
.H 11 3 12
.H 12 3 13
.H 13 3 14
.H 14 3 15
.H 15 3 16
.H 16 3 17
.H 17 3 18
.H 18 3 19
.H 19 3 20
.H 20 3 21
.H 21 3 22
.H 22 3 23
.H 23 3 24
.H 24 3 25
.H 25 3 26
.H 26 3 27
.H 27 3 28
.H 28 3 29
.H 29 3 30
.H 30 3 31
.H 31 3 32
.H 32 3 33
.H 33 3 34
.H 34 3 35
.H 35 3 36
.H 36 3 37
.H 37 3 38
.H 38 3 39
.H 39 3 40
.H 40 3 41
.H 41 3 42
.H 42 3 43
.H 43 3 44
.H 44 3 45
.H 45 3 46
.H 46 3 47
.V 47 0 2
.V 47 2 3
.end
.begin 2
.V 13 0 7
.H 13 7 14
.H 14 7 15
.H 15 7 16
.H 16 7 17
.H 17 7 18
.H 18 7 19
.H 19 7 20
.H 20 7 21
.H 21 7 22
.H 22 7 23
.H 23 7 24
.H 24 7 25
.H 25 7 26
.H 26 7 27
.H 27 7 28
.H 28 7 29
.H 29 7 30
.H 30 7 31
.H 31 7 32
.H 32 7 33
.H 33 7 34
.H 34 7 35
.H 35 7 36
.H 36 7 37
.H 37 7 38
.H 38 7 39
.H 39 7 40
.H 40 7 41
.H 41 7 42
.H 42 7 43
.H 43 7 44
.V 44 0 2
.V 44 2 7
.end
.begin 3
.V 0 0 1
.H 0 1 1
.H 1 1 2
.H 2 1 3
.H 3 1 4
.H 4 1 5
.H 5 1 6
.H 6 1 7
.H 7 1 8
.H 8 1 9
.H 9 1 10
.H 10 1 11
.H 11 1 12
.H 12 1 13
.H 13 1 14
.H 14 1 15
.H 15 1 16
.H 16 1 17
.H 17 1 18
.H 18 1 19
.H 19 1 20
.H 20 1 21
.H 21 1 22
.H 22 1 23
.H 23 1 24
.H 24 1 25
.H 25 1 26
.H 26 1 27
.H 27 1 28
.H 28 1 29
.H 29 1 30
.H 30 1 31
.H 31 1 32
.H 32 1 33
.H 33 1 34
.V 34 0 1
.end
.begin 4
.V 20 0 6
.H 20 6 21
.H 21 6 22
.H 22 6 23
.H 23 6 24
.H 24 6 25
.H 25 6 26
.H 26 6 27
.V 27 0 6
.end
.begin 5
.V 3 19 23
.H 3 19 4
.H 4 19 5
.H 5 19 6
.H 6 19 7
.H 7 19 8
.H 8 19 9
.H 9 19 10
.H 10 19 11
.H 11 19 12
.H 12 19 13
.H 13 19 14
.H 14 19 15
.H 15 19 16
.H 16 19 17
.H 17 19 18
.H 18 19 19
.V 19 19 23
.end
.begin 6
.V 6 17 23
.H 6 17 7
.H 7 17 8
.H 8 17 9
.H 9 17 10
.H 10 17 11
.H 11 17 12
.H 12 17 13
.H 13 17 14
.H 14 17 15
.H 15 17 16
.H 16 17 17
.H 17 17 18
.H 18 17 19
.H 19 17 20
.H 20 17 21
.H 21 17 22
.H 22 17 23
.H 23 17 24
.H 24 17 25
.H 25 17 26
.H 26 17 27
.H 27 17 28
.H 28 17 29
.H 29 17 30
.H 30 17 31
.H 31 17 32
.H 32 17 33
.H 33 17 34
.H 34 17 35
.H 35 17 36
.H 36 17 37
.V 37 17 23
.end
.begin 7
.V 22 0 9
.H 22 9 23
.H 23 9 24
.H 24 9 25
.H 25 9 26
.H 26 9 27
.H 27 9 28
.H 28 9 29
.H 29 9 30
.V 30 9 19
.H 30 19 31
.V 31 19 23
.H 31 19 32
.H 32 19 33
.H 33 19 34
.H 34 19 35
.H 35 19 36
.H 36 19 37
.H 37 19 38
.H 38 19 39
.H 39 19 40
.H 40 19 41
.H 41 19 42
.H 42 19 43
.H 43 19 44
.H 44 19 45
.V 45 22 23
.V 45 19 22
.end
.begin 8
.V 38 0 6
.H 38 6 39
.H 39 6 40
.V 40 0 6
.H 40 6 41
.H 41 6 42
.H 42 6 43
.H 43 6 44
.H 44 6 45
.V 45 0 2
.V 45 2 6
.end
.begin 9
.V 0 22 23
.H 0 22 1
.H 1 22 2
.H 2 22 3
.H 3 22 4
.H 4 22 5
.H 5 22 6
.H 6 22 7
.H 7 22 8
.H 8 22 9
.H 9 22 10
.H 10 22 11
.H 11 22 12
.H 12 22 13
.H 13 22 14
.H 14 22 15
.H 15 22 16
.H 16 22 17
.H 17 22 18
.H 18 22 19
.H 19 22 20
.H 20 22 21
.H 21 22 22
.H 22 22 23
.H 23 22 24
.H 24 22 25
.H 25 22 26
.H 26 22 27
.H 27 22 28
.H 28 22 29
.H 29 22 30
.H 30 22 31
.H 31 22 32
.H 32 22 33
.H 33 22 34
.V 34 22 23
.H 34 22 35
.H 35 22 36
.H 36 22 37
.H 37 22 38
.H 38 22 39
.H 39 22 40
.H 40 22 41
.H 41 22 42
.V 42 22 23
.end
.begin 10
.V 18 20 23
.H 18 20 19
.H 19 20 20
.V 20 20 23
.H 20 20 21
.H 21 20 22
.H 22 20 23
.H 23 20 24
.H 24 20 25
.H 25 20 26
.H 26 20 27
.H 27 20 28
.H 28 20 29
.H 29 20 30
.H 30 20 31
.H 31 20 32
.H 32 20 33
.H 33 20 34
.H 34 20 35
.H 35 20 36
.H 36 20 37
.H 37 20 38
.H 38 20 39
.H 39 20 40
.H 40 20 41
.H 41 20 42
.H 42 20 43
.H 43 20 44
.H 44 20 45
.H 45 20 46
.V 46 22 23
.V 46 20 22
.end
.begin 11
.V 13 21 23
.H 13 21 14
.H 14 21 15
.H 15 21 16
.H 16 21 17
.H 17 21 18
.H 18 21 19
.H 19 21 20
.H 20 21 21
.H 21 21 22
.H 22 21 23
.H 23 21 24
.V 24 21 23
.H 24 21 25
.H 25 21 26
.H 26 21 27
.H 27 21 28
.H 28 21 29
.V 29 21 23
.end
.begin 12
.V 2 0 23
.H 2 20 3
.H 3 20 4
.H 4 20 5
.H 5 20 6
.H 6 20 7
.H 7 20 8
.H 8 20 9
.H 9 20 10
.H 10 20 11
.H 11 20 12
.H 12 20 13
.H 13 20 14
.H 14 20 15
.H 15 20 16
.H 16 20 17
.V 17 20 23
.end
.begin 13
.V 5 18 23
.H 5 18 6
.H 6 18 7
.H 7 18 8
.H 8 18 9
.V 9 18 23
.H 9 18 10
.H 10 18 11
.H 11 18 12
.H 12 18 13
.H 13 18 14
.H 14 18 15
.H 15 18 16
.H 16 18 17
.H 17 18 18
.H 18 18 19
.H 19 18 20
.H 20 18 21
.H 21 18 22
.H 22 18 23
.H 23 18 24
.H 24 18 25
.H 25 18 26
.H 26 18 27
.H 27 18 28
.H 28 18 29
.H 29 18 30
.H 30 18 31
.H 31 18 32
.H 32 18 33
.H 33 18 34
.H 34 18 35
.H 35 18 36
.H 36 18 37
.H 37 18 38
.H 38 18 39
.H 39 18 40
.H 40 18 41
.H 41 18 42
.H 42 18 43
.H 43 18 44
.H 44 18 45
.H 45 18 46
.H 46 18 47
.V 47 22 23
.V 47 18 22
.end
.begin 14
.V 23 0 14
.H 23 14 24
.H 24 14 25
.H 25 14 26
.H 26 14 27
.V 27 14 23
.H 27 14 28
.H 28 14 29
.H 29 14 30
.H 30 14 31
.H 31 14 32
.H 32 14 33
.H 33 14 34
.H 34 14 35
.H 35 14 36
.H 36 14 37
.H 37 14 38
.H 38 14 39
.H 39 14 40
.H 40 14 41
.V 41 21 23
.V 41 14 21
.end
.begin 15
.V 30 21 23
.H 30 21 31
.H 31 21 32
.V 32 0 9
.H 32 21 33
.H 32 9 33
.H 33 21 34
.H 33 9 34
.V 34 9 21
.H 34 21 35
.H 35 21 36
.H 36 21 37
.H 37 21 38
.H 38 21 39
.H 39 21 40
.V 40 21 23
.end
.begin 16
.V 3 0 2
.V 3 2 8
.H 3 8 4
.H 4 8 5
.H 5 8 6
.H 6 8 7
.H 7 8 8
.H 8 8 9
.H 9 8 10
.H 10 8 11
.H 11 8 12
.H 12 8 13
.H 13 8 14
.H 14 8 15
.V 15 12 23
.V 15 8 12
.H 15 8 16
.H 16 8 17
.H 17 8 18
.H 18 8 19
.H 19 8 20
.H 20 8 21
.H 21 8 22
.H 22 8 23
.H 23 8 24
.V 24 0 8
.end
.begin 17
.V 10 14 23
.H 10 14 11
.H 11 14 12
.H 12 14 13
.H 13 14 14
.H 14 14 15
.H 15 14 16
.H 16 14 17
.H 17 14 18
.H 18 14 19
.H 19 14 20
.V 20 14 19
.H 20 19 21
.H 21 19 22
.H 22 19 23
.V 23 19 23
.H 23 19 24
.H 24 19 25
.H 25 19 26
.H 26 19 27
.H 27 19 28
.H 28 19 29
.V 29 8 19
.H 29 8 30
.H 30 8 31
.H 31 8 32
.H 32 8 33
.H 33 8 34
.H 34 8 35
.V 35 0 1
.V 35 1 8
.H 35 8 36
.H 36 8 37
.V 37 8 15
.H 37 15 38
.H 38 15 39
.H 39 15 40
.H 40 15 41
.H 41 15 42
.H 42 15 43
.H 43 15 44
.H 44 15 45
.H 45 15 46
.H 46 15 47
.H 47 15 48
.V 48 22 23
.V 48 15 22
.end
.begin 18
.V 6 0 5
.H 6 5 7
.H 7 5 8
.H 8 5 9
.H 9 5 10
.H 10 5 11
.H 11 5 12
.V 12 0 5
.H 12 5 13
.H 13 5 14
.H 14 5 15
.H 15 5 16
.H 16 5 17
.V 17 0 5
.H 17 5 18
.H 18 5 19
.H 19 5 20
.H 20 5 21
.H 21 5 22
.H 22 5 23
.H 23 5 24
.H 24 5 25
.H 25 5 26
.H 26 5 27
.H 27 5 28
.H 28 5 29
.H 29 5 30
.H 30 5 31
.H 31 5 32
.H 32 5 33
.H 33 5 34
.H 34 5 35
.H 35 5 36
.H 36 5 37
.H 37 5 38
.H 38 5 39
.H 39 5 40
.H 40 5 41
.H 41 5 42
.V 42 0 2
.V 42 2 5
.end
.begin 19
.V 21 0 10
.H 21 10 22
.H 22 10 23
.H 23 10 24
.H 24 10 25
.V 25 10 23
.H 25 10 26
.H 26 10 27
.H 27 10 28
.H 28 10 29
.H 29 10 30
.H 30 10 31
.H 31 10 32
.H 32 10 33
.H 33 10 34
.H 34 10 35
.H 35 10 36
.H 36 10 37
.H 37 10 38
.V 38 17 23
.V 38 10 17
.H 38 10 39
.V 39 0 8
.V 39 8 10
.end
.begin 20
.V 4 0 2
.H 4 2 5
.H 5 2 6
.H 6 2 7
.H 7 2 8
.V 8 0 2
.H 8 2 9
.H 9 2 10
.H 10 2 11
.H 11 2 12
.H 12 2 13
.H 13 2 14
.H 14 2 15
.H 15 2 16
.V 16 0 2
.H 16 2 17
.H 17 2 18
.H 18 2 19
.H 19 2 20
.H 20 2 21
.H 21 2 22
.H 22 2 23
.H 23 2 24
.H 24 2 25
.H 25 2 26
.H 26 2 27
.H 27 2 28
.H 28 2 29
.H 29 2 30
.H 30 2 31
.H 31 2 32
.H 32 2 33
.H 33 2 34
.H 34 2 35
.H 35 2 36
.H 36 2 37
.H 37 2 38
.H 38 2 39
.H 39 2 40
.H 40 2 41
.V 41 0 2
.end
.begin 21
.V 1 0 2
.V 1 2 11
.H 1 11 2
.H 2 11 3
.H 3 11 4
.H 4 11 5
.H 5 11 6
.H 6 11 7
.H 7 11 8
.H 8 11 9
.H 9 11 10
.H 10 11 11
.H 11 11 12
.H 12 11 13
.H 13 11 14
.H 14 11 15
.H 15 11 16
.H 16 11 17
.H 17 11 18
.H 18 11 19
.H 19 11 20
.H 20 11 21
.H 21 11 22
.V 22 14 23
.V 22 11 14
.H 22 11 23
.H 23 11 24
.H 24 11 25
.H 25 11 26
.V 26 0 11
.H 26 11 27
.H 27 11 28
.H 28 11 29
.H 29 11 30
.H 30 11 31
.H 31 11 32
.H 32 11 33
.H 33 11 34
.H 34 11 35
.H 35 11 36
.H 36 11 37
.H 37 11 38
.H 38 11 39
.V 39 11 17
.H 39 17 40
.H 40 17 41
.H 41 17 42
.H 42 17 43
.H 43 17 44
.H 44 17 45
.H 45 17 46
.H 46 17 47
.H 47 17 48
.H 48 17 49
.V 49 22 23
.V 49 17 22
.end
.begin 22
.V 7 16 23
.H 7 16 8
.H 8 16 9
.H 9 16 10
.H 10 16 11
.H 11 16 12
.H 12 16 13
.H 13 16 14
.V 14 16 23
.H 14 16 15
.H 15 16 16
.H 16 16 17
.H 17 16 18
.H 18 16 19
.H 19 16 20
.H 20 16 21
.H 21 16 22
.H 22 16 23
.H 23 16 24
.H 24 16 25
.H 25 16 26
.H 26 16 27
.H 27 16 28
.H 28 16 29
.H 29 16 30
.H 30 16 31
.H 31 16 32
.H 32 16 33
.H 33 16 34
.H 34 16 35
.V 35 16 23
.H 35 16 36
.V 36 0 1
.V 36 1 16
.H 36 16 37
.H 37 16 38
.H 38 16 39
.H 39 16 40
.H 40 16 41
.H 41 16 42
.V 42 16 21
.H 42 21 43
.H 43 21 44
.V 44 22 23
.V 44 21 22
.end
.begin 23
.V 10 0 4
.H 10 4 11
.H 11 4 12
.H 12 4 13
.H 13 4 14
.H 14 4 15
.H 15 4 16
.H 16 4 17
.H 17 4 18
.V 18 0 4
.H 18 4 19
.H 19 4 20
.H 20 4 21
.H 21 4 22
.H 22 4 23
.H 23 4 24
.H 24 4 25
.H 25 4 26
.H 26 4 27
.H 27 4 28
.H 28 4 29
.H 29 4 30
.V 30 0 4
.H 30 4 31
.H 31 4 32
.H 32 4 33
.H 33 4 34
.H 34 4 35
.H 35 4 36
.H 36 4 37
.H 37 4 38
.H 38 4 39
.H 39 4 40
.H 40 4 41
.V 41 4 10
.H 41 10 42
.H 42 10 43
.V 43 22 23
.V 43 10 22
.H 43 10 44
.H 44 10 45
.H 45 10 46
.V 46 0 2
.V 46 2 10
.end
.begin 24
.V 5 0 4
.H 5 4 6
.H 6 4 7
.V 7 0 4
.V 7 4 15
.H 7 15 8
.H 8 15 9
.H 9 15 10
.H 10 15 11
.V 11 15 23
.H 11 15 12
.H 12 15 13
.H 13 15 14
.H 14 15 15
.H 15 15 16
.H 16 15 17
.H 17 15 18
.H 18 15 19
.H 19 15 20
.H 20 15 21
.H 21 15 22
.H 22 15 23
.H 23 15 24
.H 24 15 25
.H 25 15 26
.H 26 15 27
.H 27 15 28
.H 28 15 29
.H 29 15 30
.H 30 15 31
.H 31 15 32
.H 32 15 33
.V 33 15 23
.H 33 15 34
.H 34 15 35
.V 35 9 15
.H 35 9 36
.H 36 9 37
.H 37 9 38
.H 38 9 39
.H 39 9 40
.H 40 9 41
.H 41 9 42
.H 42 9 43
.V 43 0 2
.V 43 2 9
.end
.begin 25
.V 1 21 23
.H 1 21 2
.H 2 21 3
.H 3 21 4
.H 4 21 5
.H 5 21 6
.H 6 21 7
.H 7 21 8
.V 8 21 23
.H 8 21 9
.H 9 21 10
.H 10 21 11
.H 11 21 12
.V 12 21 23
.V 12 13 21
.H 12 13 13
.H 13 13 14
.H 14 13 15
.H 15 13 16
.H 16 13 17
.H 17 13 18
.H 18 13 19
.H 19 13 20
.H 20 13 21
.H 21 13 22
.H 22 13 23
.H 23 13 24
.H 24 13 25
.H 25 13 26
.H 26 13 27
.H 27 13 28
.H 28 13 29
.H 29 13 30
.H 30 13 31
.H 31 13 32
.V 32 13 23
.H 32 13 33
.V 33 0 12
.V 33 12 13
.end
.begin 26
.V 11 0 6
.H 11 6 12
.H 12 6 13
.H 13 6 14
.H 14 6 15
.H 15 6 16
.V 16 12 23
.V 16 6 12
.H 16 12 17
.H 17 12 18
.H 18 12 19
.V 19 0 6
.V 19 6 12
.H 19 12 20
.H 20 12 21
.V 21 14 23
.V 21 12 14
.H 21 12 22
.H 22 12 23
.H 23 12 24
.H 24 12 25
.H 25 12 26
.V 26 12 23
.H 26 12 27
.H 27 12 28
.H 28 12 29
.H 29 12 30
.H 30 12 31
.V 31 0 9
.V 31 9 12
.end
.begin 27
.V 25 0 8
.H 25 8 26
.H 26 8 27
.H 27 8 28
.V 28 0 6
.V 28 6 8
.H 28 6 29
.V 29 0 6
.H 29 6 30
.H 30 6 31
.H 31 6 32
.H 32 6 33
.H 33 6 34
.H 34 6 35
.H 35 6 36
.H 36 6 37
.V 37 0 1
.V 37 1 6
.H 37 1 38
.H 38 1 39
.H 39 1 40
.H 40 1 41
.H 41 1 42
.H 42 1 43
.H 43 1 44
.H 44 1 45
.H 45 1 46
.H 46 1 47
.H 47 1 48
.V 48 0 1
.H 48 1 49
.V 49 0 1
.end
