.begin 1
.V 1 29 30
.V 1 4 29
.H 1 4 2
.H 2 4 3
.H 3 4 4
.H 4 4 5
.H 5 4 6
.H 6 4 7
.H 7 4 8
.H 8 4 9
.H 9 4 10
.H 10 4 11
.H 11 4 12
.H 12 4 13
.H 13 4 14
.H 14 4 15
.H 15 4 16
.H 16 4 17
.H 17 4 18
.H 18 4 19
.H 19 4 20
.H 20 4 21
.H 21 4 22
.H 22 4 23
.H 23 4 24
.H 24 4 25
.H 25 4 26
.H 26 4 27
.H 27 4 28
.H 28 4 29
.H 29 4 30
.H 30 4 31
.H 31 4 32
.H 32 4 33
.H 33 4 34
.H 34 4 35
.H 35 4 36
.H 36 4 37
.H 37 4 38
.H 38 4 39
.H 39 4 40
.H 40 4 41
.H 41 4 42
.H 42 4 43
.H 43 4 44
.H 44 4 45
.H 45 4 46
.H 46 4 47
.V 47 0 4
.end
.begin 2
.V 13 0 14
.H 13 14 14
.H 14 14 15
.H 15 14 16
.H 16 14 17
.H 17 14 18
.H 18 14 19
.H 19 14 20
.H 20 14 21
.H 21 14 22
.H 22 14 23
.H 23 14 24
.H 24 14 25
.H 25 14 26
.H 26 14 27
.H 27 14 28
.H 28 14 29
.H 29 14 30
.H 30 14 31
.H 31 14 32
.H 32 14 33
.H 33 14 34
.H 34 14 35
.H 35 14 36
.H 36 14 37
.H 37 14 38
.H 38 14 39
.H 39 14 40
.H 40 14 41
.H 41 14 42
.H 42 14 43
.H 43 14 44
.V 44 0 6
.V 44 6 14
.end
.begin 3
.V 0 0 1
.H 0 1 1
.H 1 1 2
.H 2 1 3
.H 3 1 4
.H 4 1 5
.H 5 1 6
.H 6 1 7
.H 7 1 8
.H 8 1 9
.H 9 1 10
.H 10 1 11
.H 11 1 12
.H 12 1 13
.H 13 1 14
.H 14 1 15
.H 15 1 16
.H 16 1 17
.H 17 1 18
.H 18 1 19
.H 19 1 20
.H 20 1 21
.H 21 1 22
.H 22 1 23
.H 23 1 24
.H 24 1 25
.H 25 1 26
.H 26 1 27
.H 27 1 28
.H 28 1 29
.H 29 1 30
.H 30 1 31
.H 31 1 32
.H 32 1 33
.H 33 1 34
.V 34 0 1
.end
.begin 4
.V 20 0 20
.H 20 20 21
.H 21 20 22
.H 22 20 23
.H 23 20 24
.H 24 20 25
.H 25 20 26
.H 26 20 27
.H 27 20 28
.H 28 20 29
.H 29 20 30
.H 30 20 31
.H 31 20 32
.H 32 20 33
.H 33 20 34
.H 34 20 35
.H 35 20 36
.H 36 20 37
.H 37 20 38
.H 38 20 39
.H 39 20 40
.H 40 20 41
.H 41 20 42
.H 42 20 43
.H 43 20 44
.H 44 20 45
.H 45 20 46
.H 46 20 47
.H 47 20 48
.H 48 20 49
.H 49 20 50
.H 50 20 51
.H 51 20 52
.H 52 20 53
.H 53 20 54
.H 54 20 55
.H 55 20 56
.H 56 20 57
.H 57 20 58
.V 58 13 20
.H 58 13 59
.V 59 8 13
.H 59 8 60
.H 60 8 61
.H 61 8 62
.V 62 0 8
.end
.begin 5
.V 5 27 30
.H 5 27 6
.H 6 27 7
.H 7 27 8
.H 8 27 9
.H 9 27 10
.H 10 27 11
.H 11 27 12
.H 12 27 13
.H 13 27 14
.H 14 27 15
.H 15 27 16
.H 16 27 17
.H 17 27 18
.H 18 27 19
.V 19 27 30
.end
.begin 6
.V 54 24 30
.H 54 24 55
.H 55 24 56
.H 56 24 57
.H 57 24 58
.H 58 24 59
.H 59 24 60
.H 60 24 61
.H 61 24 62
.H 62 24 63
.H 63 24 64
.H 64 24 65
.H 65 24 66
.H 66 24 67
.H 67 24 68
.H 68 24 69
.H 69 24 70
.H 70 24 71
.H 71 24 72
.V 72 28 30
.V 72 24 28
.end
.begin 7
.V 22 26 30
.H 22 26 23
.H 23 26 24
.H 24 26 25
.H 25 26 26
.H 26 26 27
.H 27 26 28
.H 28 26 29
.H 29 26 30
.H 30 26 31
.H 31 26 32
.H 32 26 33
.H 33 26 34
.H 34 26 35
.H 35 26 36
.H 36 26 37
.H 37 26 38
.H 38 26 39
.H 39 26 40
.H 40 26 41
.V 41 26 30
.end
.begin 8
.V 38 0 13
.H 38 13 39
.H 39 13 40
.H 40 13 41
.H 41 13 42
.H 42 13 43
.H 43 13 44
.H 44 13 45
.H 45 13 46
.H 46 13 47
.H 47 13 48
.H 48 13 49
.H 49 13 50
.H 50 13 51
.H 51 13 52
.H 52 13 53
.H 53 13 54
.H 54 13 55
.H 55 13 56
.H 56 13 57
.V 57 0 3
.V 57 3 13
.H 57 3 58
.H 58 3 59
.H 59 3 60
.H 60 3 61
.H 61 3 62
.H 62 3 63
.H 63 3 64
.H 64 3 65
.H 65 3 66
.V 66 0 3
.end
.begin 9
.V 13 28 30
.H 13 28 14
.H 14 28 15
.H 15 28 16
.H 16 28 17
.H 17 28 18
.H 18 28 19
.H 19 28 20
.H 20 28 21
.H 21 28 22
.H 22 28 23
.V 23 28 30
.H 23 28 24
.H 24 28 25
.H 25 28 26
.H 26 28 27
.H 27 28 28
.H 28 28 29
.H 29 28 30
.H 30 28 31
.H 31 28 32
.H 32 28 33
.H 33 28 34
.H 34 28 35
.H 35 28 36
.H 36 28 37
.H 37 28 38
.H 38 28 39
.H 39 28 40
.H 40 28 41
.H 41 28 42
.H 42 28 43
.H 43 28 44
.H 44 28 45
.H 45 28 46
.H 46 28 47
.H 47 28 48
.H 48 28 49
.H 49 28 50
.H 50 28 51
.H 51 28 52
.H 52 28 53
.H 53 28 54
.H 54 28 55
.H 55 28 56
.H 56 28 57
.H 57 28 58
.H 58 28 59
.H 59 28 60
.H 60 28 61
.H 61 28 62
.H 62 28 63
.H 63 28 64
.H 64 28 65
.H 65 28 66
.H 66 28 67
.H 67 28 68
.V 68 28 30
.end
.begin 10
.V 8 24 30
.H 8 24 9
.H 9 24 10
.H 10 24 11
.H 11 24 12
.H 12 24 13
.H 13 24 14
.H 14 24 15
.H 15 24 16
.H 16 24 17
.H 17 24 18
.H 18 24 19
.H 19 24 20
.H 20 24 21
.H 21 24 22
.H 22 24 23
.H 23 24 24
.H 24 24 25
.H 25 24 26
.H 26 24 27
.H 27 24 28
.H 28 24 29
.H 29 24 30
.H 30 24 31
.H 31 24 32
.H 32 24 33
.H 33 24 34
.H 34 24 35
.H 35 24 36
.H 36 24 37
.H 37 24 38
.H 38 24 39
.H 39 24 40
.H 40 24 41
.H 41 24 42
.H 42 24 43
.H 43 24 44
.H 44 24 45
.H 45 24 46
.H 46 24 47
.H 47 24 48
.H 48 24 49
.H 49 24 50
.H 50 24 51
.H 51 24 52
.H 52 24 53
.V 53 27 30
.V 53 24 27
.H 53 27 54
.H 54 27 55
.H 55 27 56
.H 56 27 57
.H 57 27 58
.H 58 27 59
.H 59 27 60
.H 60 27 61
.H 61 27 62
.H 62 27 63
.H 63 27 64
.H 64 27 65
.H 65 27 66
.H 66 27 67
.H 67 27 68
.H 68 27 69
.H 69 27 70
.H 70 27 71
.V 71 28 30
.V 71 27 28
.end
.begin 11
.V 2 29 30
.H 2 29 3
.H 3 29 4
.H 4 29 5
.H 5 29 6
.H 6 29 7
.V 7 29 30
.H 7 29 8
.H 8 29 9
.H 9 29 10
.H 10 29 11
.H 11 29 12
.H 12 29 13
.H 13 29 14
.H 14 29 15
.H 15 29 16
.H 16 29 17
.H 17 29 18
.H 18 29 19
.H 19 29 20
.H 20 29 21
.H 21 29 22
.H 22 29 23
.H 23 29 24
.V 24 29 30
.end
.begin 12
.V 25 29 30
.H 25 29 26
.H 26 29 27
.H 27 29 28
.H 28 29 29
.H 29 29 30
.H 30 29 31
.H 31 29 32
.H 32 29 33
.H 33 29 34
.H 34 29 35
.H 35 29 36
.H 36 29 37
.H 37 29 38
.H 38 29 39
.H 39 29 40
.H 40 29 41
.H 41 29 42
.H 42 29 43
.H 43 29 44
.H 44 29 45
.H 45 29 46
.H 46 29 47
.H 47 29 48
.H 48 29 49
.H 49 29 50
.H 50 29 51
.H 51 29 52
.V 52 29 30
.H 52 29 53
.H 53 29 54
.H 54 29 55
.H 55 29 56
.H 56 29 57
.H 57 29 58
.V 58 23 29
.H 58 23 59
.H 59 23 60
.H 60 23 61
.H 61 23 62
.H 62 23 63
.H 63 23 64
.H 64 23 65
.H 65 23 66
.H 66 23 67
.H 67 23 68
.H 68 23 69
.H 69 23 70
.H 70 23 71
.V 71 3 23
.H 71 3 72
.H 72 3 73
.H 73 3 74
.V 74 0 1
.V 74 1 3
.end
.begin 13
.V 28 27 30
.H 28 27 29
.H 29 27 30
.H 30 27 31
.H 31 27 32
.H 32 27 33
.H 33 27 34
.H 34 27 35
.H 35 27 36
.V 36 27 30
.H 36 27 37
.H 37 27 38
.H 38 27 39
.H 39 27 40
.H 40 27 41
.H 41 27 42
.H 42 27 43
.H 43 27 44
.H 44 27 45
.H 45 27 46
.V 46 27 30
.end
.begin 14
.V 2 0 5
.V 2 5 28
.H 2 28 3
.H 3 28 4
.H 4 28 5
.H 5 28 6
.H 6 28 7
.H 7 28 8
.H 8 28 9
.V 9 28 30
.H 9 28 10
.H 10 28 11
.H 11 28 12
.V 12 28 30
.end
.begin 15
.V 23 0 12
.H 23 12 24
.H 24 12 25
.H 25 12 26
.V 26 12 30
.H 26 12 27
.H 27 12 28
.H 28 12 29
.H 29 12 30
.H 30 12 31
.H 31 12 32
.H 32 12 33
.H 33 12 34
.H 34 12 35
.H 35 12 36
.H 36 12 37
.H 37 12 38
.H 38 12 39
.H 39 12 40
.H 40 12 41
.H 41 12 42
.H 42 12 43
.H 43 12 44
.H 44 12 45
.H 45 12 46
.H 46 12 47
.H 47 12 48
.H 48 12 49
.H 49 12 50
.H 50 12 51
.H 51 12 52
.H 52 12 53
.H 53 12 54
.H 54 12 55
.H 55 12 56
.H 56 12 57
.H 57 12 58
.H 58 12 59
.H 59 12 60
.V 60 12 18
.H 60 18 61
.H 61 18 62
.H 62 18 63
.V 63 19 30
.V 63 18 19
.end
.begin 16
.V 6 25 30
.V 6 7 25
.H 6 7 7
.H 7 7 8
.H 8 7 9
.H 9 7 10
.H 10 7 11
.H 11 7 12
.H 12 7 13
.H 13 7 14
.H 14 7 15
.H 15 7 16
.H 16 7 17
.H 17 7 18
.H 18 7 19
.H 19 7 20
.H 20 7 21
.H 21 7 22
.H 22 7 23
.H 23 7 24
.V 24 0 7
.H 24 7 25
.H 25 7 26
.H 26 7 27
.H 27 7 28
.H 28 7 29
.H 29 7 30
.H 30 7 31
.H 31 7 32
.V 32 0 7
.H 32 7 33
.H 33 7 34
.H 34 7 35
.H 35 7 36
.H 36 7 37
.H 37 7 38
.H 38 7 39
.H 39 7 40
.H 40 7 41
.H 41 7 42
.H 42 7 43
.H 43 7 44
.H 44 7 45
.H 45 7 46
.H 46 7 47
.H 47 7 48
.H 48 7 49
.H 49 7 50
.H 50 7 51
.H 51 7 52
.H 52 7 53
.H 53 7 54
.H 54 7 55
.H 55 7 56
.H 56 7 57
.H 57 7 58
.H 58 7 59
.H 59 7 60
.H 60 7 61
.H 61 7 62
.H 62 7 63
.H 63 7 64
.H 64 7 65
.H 65 7 66
.H 66 7 67
.H 67 7 68
.H 68 7 69
.V 69 0 3
.V 69 3 7
.end
.begin 17
.V 45 14 30
.V 45 6 14
.H 45 6 46
.H 46 6 47
.H 47 6 48
.H 48 6 49
.H 49 6 50
.H 50 6 51
.H 51 6 52
.H 52 6 53
.H 53 6 54
.V 54 0 6
.H 54 6 55
.V 55 6 22
.H 55 22 56
.H 56 22 57
.H 57 22 58
.H 58 22 59
.H 59 22 60
.H 60 22 61
.V 61 26 30
.V 61 22 26
.H 61 26 62
.H 62 26 63
.H 63 26 64
.H 64 26 65
.H 65 26 66
.H 66 26 67
.H 67 26 68
.H 68 26 69
.V 69 28 30
.V 69 26 28
.end
.begin 18
.V 6 0 6
.H 6 6 7
.H 7 6 8
.H 8 6 9
.H 9 6 10
.H 10 6 11
.H 11 6 12
.V 12 0 6
.H 12 6 13
.H 13 6 14
.H 14 6 15
.H 15 6 16
.H 16 6 17
.V 17 0 6
.H 17 6 18
.H 18 6 19
.H 19 6 20
.H 20 6 21
.H 21 6 22
.H 22 6 23
.H 23 6 24
.H 24 6 25
.H 25 6 26
.H 26 6 27
.H 27 6 28
.H 28 6 29
.H 29 6 30
.H 30 6 31
.H 31 6 32
.H 32 6 33
.H 33 6 34
.H 34 6 35
.H 35 6 36
.H 36 6 37
.H 37 6 38
.H 38 6 39
.H 39 6 40
.H 40 6 41
.H 41 6 42
.V 42 0 6
.end
.begin 19
.V 21 0 21
.H 21 21 22
.H 22 21 23
.H 23 21 24
.H 24 21 25
.H 25 21 26
.H 26 21 27
.H 27 21 28
.H 28 21 29
.H 29 21 30
.H 30 21 31
.H 31 21 32
.H 32 21 33
.H 33 21 34
.H 34 21 35
.H 35 21 36
.H 36 21 37
.H 37 21 38
.H 38 21 39
.V 39 0 21
.H 39 21 40
.H 40 21 41
.H 41 21 42
.H 42 21 43
.H 43 21 44
.H 44 21 45
.H 45 21 46
.H 46 21 47
.H 47 21 48
.H 48 21 49
.H 49 21 50
.H 50 21 51
.H 51 21 52
.H 52 21 53
.H 53 21 54
.H 54 21 55
.H 55 21 56
.H 56 21 57
.H 57 21 58
.H 58 21 59
.H 59 21 60
.H 60 21 61
.H 61 21 62
.H 62 21 63
.H 63 21 64
.H 64 21 65
.V 65 21 30
.H 65 21 66
.H 66 21 67
.H 67 21 68
.H 68 21 69
.H 69 21 70
.V 70 28 30
.V 70 21 28
.end
.begin 20
.V 4 0 5
.H 4 5 5
.H 5 5 6
.H 6 5 7
.H 7 5 8
.V 8 0 5
.H 8 5 9
.H 9 5 10
.H 10 5 11
.H 11 5 12
.H 12 5 13
.H 13 5 14
.H 14 5 15
.H 15 5 16
.H 16 5 17
.H 17 5 18
.H 18 5 19
.H 19 5 20
.H 20 5 21
.H 21 5 22
.H 22 5 23
.H 23 5 24
.H 24 5 25
.H 25 5 26
.H 26 5 27
.H 27 5 28
.H 28 5 29
.H 29 5 30
.H 30 5 31
.H 31 5 32
.H 32 5 33
.H 33 5 34
.H 34 5 35
.H 35 5 36
.H 36 5 37
.H 37 5 38
.H 38 5 39
.H 39 5 40
.H 40 5 41
.V 41 0 5
.H 41 5 42
.H 42 5 43
.H 43 5 44
.H 44 5 45
.H 45 5 46
.H 46 5 47
.H 47 5 48
.H 48 5 49
.H 49 5 50
.H 50 5 51
.H 51 5 52
.H 52 5 53
.H 53 5 54
.H 54 5 55
.H 55 5 56
.H 56 5 57
.H 57 5 58
.H 58 5 59
.H 59 5 60
.H 60 5 61
.H 61 5 62
.H 62 5 63
.H 63 5 64
.H 64 5 65
.H 65 5 66
.H 66 5 67
.H 67 5 68
.H 68 5 69
.H 69 5 70
.V 70 0 3
.V 70 3 5
.end
.begin 21
.V 26 0 10
.H 26 10 27
.H 27 10 28
.H 28 10 29
.H 29 10 30
.H 30 10 31
.H 31 10 32
.H 32 10 33
.H 33 10 34
.V 34 10 30
.H 34 10 35
.H 35 10 36
.H 36 10 37
.H 37 10 38
.H 38 10 39
.H 39 10 40
.H 40 10 41
.H 41 10 42
.H 42 10 43
.H 43 10 44
.H 44 10 45
.H 45 10 46
.H 46 10 47
.H 47 10 48
.H 48 10 49
.H 49 10 50
.H 50 10 51
.V 51 0 3
.V 51 3 10
.H 51 10 52
.H 52 10 53
.H 53 10 54
.H 54 10 55
.H 55 10 56
.H 56 10 57
.H 57 10 58
.H 58 10 59
.H 59 10 60
.H 60 10 61
.H 61 10 62
.V 62 10 22
.H 62 22 63
.H 63 22 64
.H 64 22 65
.H 65 22 66
.H 66 22 67
.V 67 22 30
.end
.begin 22
.V 15 23 30
.H 15 23 16
.H 16 23 17
.H 17 23 18
.H 18 23 19
.H 19 23 20
.H 20 23 21
.H 21 23 22
.H 22 23 23
.H 23 23 24
.H 24 23 25
.H 25 23 26
.H 26 23 27
.H 27 23 28
.H 28 23 29
.H 29 23 30
.H 30 23 31
.H 31 23 32
.H 32 23 33
.V 33 23 30
.H 33 23 34
.H 34 23 35
.H 35 23 36
.H 36 23 37
.H 37 23 38
.H 38 23 39
.H 39 23 40
.H 40 23 41
.H 41 23 42
.H 42 23 43
.H 43 23 44
.H 44 23 45
.H 45 23 46
.H 46 23 47
.V 47 27 30
.V 47 23 27
.H 47 23 48
.H 48 23 49
.H 49 23 50
.H 50 23 51
.V 51 16 23
.H 51 16 52
.H 52 16 53
.H 53 16 54
.V 54 9 16
.H 54 9 55
.H 55 9 56
.H 56 9 57
.H 57 9 58
.H 58 9 59
.H 59 9 60
.V 60 0 9
.end
.begin 23
.V 0 29 30
.V 0 2 29
.H 0 2 1
.H 1 2 2
.H 2 2 3
.H 3 2 4
.H 4 2 5
.H 5 2 6
.H 6 2 7
.H 7 2 8
.H 8 2 9
.H 9 2 10
.H 10 2 11
.H 11 2 12
.H 12 2 13
.H 13 2 14
.H 14 2 15
.H 15 2 16
.H 16 2 17
.H 17 2 18
.V 18 0 2
.H 18 2 19
.H 19 2 20
.H 20 2 21
.H 21 2 22
.H 22 2 23
.H 23 2 24
.H 24 2 25
.H 25 2 26
.H 26 2 27
.H 27 2 28
.H 28 2 29
.H 29 2 30
.V 30 0 2
.H 30 2 31
.H 31 2 32
.H 32 2 33
.H 33 2 34
.H 34 2 35
.H 35 2 36
.H 36 2 37
.H 37 2 38
.H 38 2 39
.H 39 2 40
.H 40 2 41
.H 41 2 42
.H 42 2 43
.H 43 2 44
.H 44 2 45
.H 45 2 46
.H 46 2 47
.H 47 2 48
.H 48 2 49
.H 49 2 50
.H 50 2 51
.H 51 2 52
.H 52 2 53
.H 53 2 54
.H 54 2 55
.H 55 2 56
.H 56 2 57
.H 57 2 58
.H 58 2 59
.H 59 2 60
.H 60 2 61
.H 61 2 62
.H 62 2 63
.H 63 2 64
.H 64 2 65
.H 65 2 66
.H 66 2 67
.H 67 2 68
.H 68 2 69
.H 69 2 70
.H 70 2 71
.H 71 2 72
.H 72 2 73
.V 73 0 1
.V 73 1 2
.end
.begin 24
.V 38 22 30
.H 38 22 39
.H 39 22 40
.H 40 22 41
.H 41 22 42
.H 42 22 43
.V 43 0 6
.V 43 6 22
.H 43 22 44
.H 44 22 45
.H 45 22 46
.H 46 22 47
.H 47 22 48
.H 48 22 49
.H 49 22 50
.H 50 22 51
.H 51 22 52
.H 52 22 53
.H 53 22 54
.V 54 17 22
.H 54 17 55
.H 55 17 56
.H 56 17 57
.H 57 17 58
.H 58 17 59
.H 59 17 60
.H 60 17 61
.H 61 17 62
.H 62 17 63
.H 63 17 64
.H 64 17 65
.H 65 17 66
.V 66 20 30
.V 66 17 20
.V 66 4 17
.H 66 4 67
.V 67 0 3
.V 67 3 4
.end
.begin 25
.V 5 0 6
.V 5 6 26
.H 5 26 6
.H 6 26 7
.H 7 26 8
.H 8 26 9
.H 9 26 10
.H 10 26 11
.H 11 26 12
.H 12 26 13
.H 13 26 14
.H 14 26 15
.H 15 26 16
.H 16 26 17
.H 17 26 18
.H 18 26 19
.H 19 26 20
.V 20 27 30
.V 20 26 27
.H 20 27 21
.V 21 27 30
.H 21 27 22
.H 22 27 23
.H 23 27 24
.H 24 27 25
.H 25 27 26
.H 26 27 27
.V 27 27 30
.end
.begin 26
.V 7 0 8
.V 7 8 25
.H 7 25 8
.H 8 25 9
.H 9 25 10
.H 10 25 11
.H 11 25 12
.H 12 25 13
.H 13 25 14
.H 14 25 15
.H 15 25 16
.H 16 25 17
.H 17 25 18
.H 18 25 19
.H 19 25 20
.H 20 25 21
.H 21 25 22
.H 22 25 23
.H 23 25 24
.H 24 25 25
.H 25 25 26
.H 26 25 27
.H 27 25 28
.H 28 25 29
.H 29 25 30
.H 30 25 31
.H 31 25 32
.H 32 25 33
.H 33 25 34
.H 34 25 35
.H 35 25 36
.H 36 25 37
.H 37 25 38
.H 38 25 39
.H 39 25 40
.H 40 25 41
.H 41 25 42
.H 42 25 43
.V 43 25 30
.H 43 25 44
.H 44 25 45
.H 45 25 46
.H 46 25 47
.H 47 25 48
.H 48 25 49
.H 49 25 50
.H 50 25 51
.V 51 25 30
.H 51 25 52
.H 52 25 53
.H 53 25 54
.H 54 25 55
.H 55 25 56
.H 56 25 57
.H 57 25 58
.H 58 25 59
.H 59 25 60
.H 60 25 61
.H 61 25 62
.V 62 25 30
.H 62 25 63
.H 63 25 64
.H 64 25 65
.H 65 25 66
.H 66 25 67
.H 67 25 68
.V 68 0 3
.V 68 3 25
.end
.begin 27
.V 11 0 9
.H 11 9 12
.H 12 9 13
.H 13 9 14
.H 14 9 15
.H 15 9 16
.H 16 9 17
.H 17 9 18
.H 18 9 19
.V 19 0 9
.H 19 9 20
.H 20 9 21
.H 21 9 22
.H 22 9 23
.H 23 9 24
.H 24 9 25
.V 25 0 9
.H 25 9 26
.H 26 9 27
.H 27 9 28
.H 28 9 29
.H 29 9 30
.H 30 9 31
.V 31 0 9
.H 31 9 32
.H 32 9 33
.H 33 9 34
.H 34 9 35
.H 35 9 36
.H 36 9 37
.H 37 9 38
.H 38 9 39
.H 39 9 40
.H 40 9 41
.H 41 9 42
.H 42 9 43
.H 43 9 44
.H 44 9 45
.H 45 9 46
.H 46 9 47
.H 47 9 48
.H 48 9 49
.V 49 0 9
.end
.begin 28
.V 30 15 30
.H 30 15 31
.H 31 15 32
.H 32 15 33
.H 33 15 34
.H 34 15 35
.H 35 15 36
.H 36 15 37
.V 37 22 30
.V 37 15 22
.H 37 15 38
.H 38 15 39
.H 39 15 40
.H 40 15 41
.H 41 15 42
.H 42 15 43
.H 43 15 44
.H 44 15 45
.H 45 15 46
.H 46 15 47
.H 47 15 48
.H 48 15 49
.H 49 15 50
.V 50 19 30
.V 50 15 19
.H 50 15 51
.H 51 15 52
.H 52 15 53
.V 53 0 9
.V 53 9 15
.V 53 15 23
.H 53 23 54
.H 54 23 55
.H 55 23 56
.V 56 23 30
.end
.begin 29
.V 31 16 30
.H 31 16 32
.H 32 16 33
.H 33 16 34
.H 34 16 35
.H 35 16 36
.H 36 16 37
.H 37 16 38
.H 38 16 39
.H 39 16 40
.V 40 16 30
.H 40 16 41
.H 41 16 42
.H 42 16 43
.H 43 16 44
.H 44 16 45
.H 45 16 46
.H 46 16 47
.H 47 16 48
.H 48 16 49
.V 49 16 26
.H 49 26 50
.H 50 26 51
.H 51 26 52
.H 52 26 53
.H 53 26 54
.H 54 26 55
.V 55 26 30
.H 55 26 56
.H 56 26 57
.H 57 26 58
.H 58 26 59
.V 59 29 30
.V 59 26 29
.H 59 29 60
.H 60 29 61
.H 61 29 62
.H 62 29 63
.H 63 29 64
.H 64 29 65
.H 65 29 66
.H 66 29 67
.H 67 29 68
.H 68 29 69
.H 69 29 70
.H 70 29 71
.H 71 29 72
.H 72 29 73
.V 73 29 30
.end
.begin 30
.V 29 19 30
.H 29 19 30
.H 30 19 31
.H 31 19 32
.H 32 19 33
.H 33 19 34
.H 34 19 35
.V 35 19 30
.H 35 19 36
.H 36 19 37
.H 37 19 38
.H 38 19 39
.H 39 19 40
.H 40 19 41
.H 41 19 42
.H 42 19 43
.H 43 19 44
.H 44 19 45
.H 45 19 46
.H 46 19 47
.V 47 14 19
.H 47 14 48
.V 48 0 4
.V 48 4 14
.H 48 4 49
.H 49 4 50
.H 50 4 51
.H 51 4 52
.H 52 4 53
.H 53 4 54
.H 54 4 55
.H 55 4 56
.H 56 4 57
.H 57 4 58
.V 58 0 4
.H 58 4 59
.H 59 4 60
.H 60 4 61
.H 61 4 62
.H 62 4 63
.V 63 0 4
.end
.begin 31
.V 9 0 8
.H 9 8 10
.H 10 8 11
.H 11 8 12
.H 12 8 13
.H 13 8 14
.V 14 0 8
.H 14 8 15
.H 15 8 16
.H 16 8 17
.H 17 8 18
.H 18 8 19
.H 19 8 20
.H 20 8 21
.H 21 8 22
.H 22 8 23
.H 23 8 24
.H 24 8 25
.H 25 8 26
.H 26 8 27
.H 27 8 28
.H 28 8 29
.H 29 8 30
.H 30 8 31
.H 31 8 32
.H 32 8 33
.H 33 8 34
.H 34 8 35
.H 35 8 36
.H 36 8 37
.H 37 8 38
.H 38 8 39
.H 39 8 40
.H 40 8 41
.H 41 8 42
.H 42 8 43
.H 43 8 44
.H 44 8 45
.H 45 8 46
.H 46 8 47
.H 47 8 48
.H 48 8 49
.H 49 8 50
.H 50 8 51
.H 51 8 52
.H 52 8 53
.H 53 8 54
.H 54 8 55
.H 55 8 56
.V 56 0 3
.V 56 3 8
.V 56 8 19
.H 56 19 57
.H 57 19 58
.H 58 19 59
.H 59 19 60
.V 60 26 30
.V 60 19 26
.H 60 19 61
.V 61 9 19
.H 61 9 62
.H 62 9 63
.H 63 9 64
.V 64 4 9
.H 64 4 65
.V 65 0 4
.end
.begin 32
.V 1 0 3
.H 1 3 2
.H 2 3 3
.H 3 3 4
.H 4 3 5
.H 5 3 6
.H 6 3 7
.H 7 3 8
.H 8 3 9
.H 9 3 10
.H 10 3 11
.H 11 3 12
.H 12 3 13
.H 13 3 14
.H 14 3 15
.H 15 3 16
.H 16 3 17
.H 17 3 18
.H 18 3 19
.H 19 3 20
.H 20 3 21
.H 21 3 22
.H 22 3 23
.H 23 3 24
.H 24 3 25
.H 25 3 26
.H 26 3 27
.H 27 3 28
.H 28 3 29
.H 29 3 30
.H 30 3 31
.H 31 3 32
.H 32 3 33
.H 33 3 34
.H 34 3 35
.V 35 0 1
.V 35 1 3
.H 35 1 36
.H 36 1 37
.H 37 1 38
.H 38 1 39
.H 39 1 40
.H 40 1 41
.H 41 1 42
.H 42 1 43
.H 43 1 44
.H 44 1 45
.H 45 1 46
.H 46 1 47
.H 47 1 48
.H 48 1 49
.H 49 1 50
.H 50 1 51
.H 51 1 52
.V 52 0 1
.H 52 1 53
.H 53 1 54
.H 54 1 55
.H 55 1 56
.H 56 1 57
.H 57 1 58
.H 58 1 59
.H 59 1 60
.H 60 1 61
.H 61 1 62
.H 62 1 63
.H 63 1 64
.V 64 0 1
.H 64 1 65
.H 65 1 66
.H 66 1 67
.H 67 1 68
.H 68 1 69
.H 69 1 70
.H 70 1 71
.V 71 0 1
.end
.begin 33
.V 3 27 30
.V 3 18 27
.H 3 18 4
.H 4 18 5
.H 5 18 6
.H 6 18 7
.H 7 18 8
.H 8 18 9
.H 9 18 10
.H 10 18 11
.H 11 18 12
.H 12 18 13
.H 13 18 14
.H 14 18 15
.V 15 0 18
.H 15 18 16
.H 16 18 17
.V 17 21 30
.V 17 18 21
.H 17 18 18
.H 18 18 19
.H 19 18 20
.H 20 18 21
.H 21 18 22
.V 22 0 18
.H 22 18 23
.H 23 18 24
.H 24 18 25
.H 25 18 26
.H 26 18 27
.H 27 18 28
.H 28 18 29
.H 29 18 30
.H 30 18 31
.H 31 18 32
.H 32 18 33
.H 33 18 34
.H 34 18 35
.H 35 18 36
.H 36 18 37
.H 37 18 38
.H 38 18 39
.H 39 18 40
.H 40 18 41
.H 41 18 42
.H 42 18 43
.H 43 18 44
.H 44 18 45
.H 45 18 46
.H 46 18 47
.H 47 18 48
.H 48 18 49
.H 49 18 50
.H 50 18 51
.H 51 18 52
.H 52 18 53
.H 53 18 54
.H 54 18 55
.H 55 18 56
.H 56 18 57
.V 57 23 30
.V 57 18 23
.end
.begin 34
.V 14 23 30
.V 14 17 23
.H 14 17 15
.H 15 17 16
.V 16 0 17
.H 16 17 17
.H 17 17 18
.H 18 17 19
.H 19 17 20
.H 20 17 21
.H 21 17 22
.H 22 17 23
.H 23 17 24
.H 24 17 25
.H 25 17 26
.H 26 17 27
.H 27 17 28
.H 28 17 29
.V 29 0 17
.H 29 17 30
.H 30 17 31
.H 31 17 32
.H 32 17 33
.H 33 17 34
.H 34 17 35
.H 35 17 36
.H 36 17 37
.H 37 17 38
.H 38 17 39
.H 39 17 40
.H 40 17 41
.H 41 17 42
.H 42 17 43
.H 43 17 44
.H 44 17 45
.H 45 17 46
.H 46 17 47
.H 47 17 48
.V 48 27 30
.V 48 17 27
.H 48 27 49
.V 49 27 30
.H 49 27 50
.H 50 27 51
.H 51 27 52
.V 52 3 27
.H 52 3 53
.H 53 3 54
.H 54 3 55
.V 55 0 3
.end
.begin 35
.V 10 23 30
.H 10 23 11
.V 11 23 30
.V 11 11 23
.H 11 11 12
.H 12 11 13
.H 13 11 14
.H 14 11 15
.H 15 11 16
.H 16 11 17
.H 17 11 18
.H 18 11 19
.H 19 11 20
.H 20 11 21
.H 21 11 22
.H 22 11 23
.H 23 11 24
.H 24 11 25
.H 25 11 26
.H 26 11 27
.V 27 0 11
.H 27 11 28
.V 28 0 11
.H 28 11 29
.H 29 11 30
.H 30 11 31
.H 31 11 32
.H 32 11 33
.H 33 11 34
.H 34 11 35
.H 35 11 36
.H 36 11 37
.H 37 11 38
.H 38 11 39
.H 39 11 40
.H 40 11 41
.H 41 11 42
.H 42 11 43
.H 43 11 44
.H 44 11 45
.H 45 11 46
.H 46 11 47
.H 47 11 48
.H 48 11 49
.H 49 11 50
.H 50 11 51
.H 51 11 52
.H 52 11 53
.H 53 11 54
.H 54 11 55
.H 55 11 56
.H 56 11 57
.H 57 11 58
.V 58 6 11
.H 58 6 59
.H 59 6 60
.H 60 6 61
.V 61 0 6
.H 61 6 62
.H 62 6 63
.V 63 6 16
.H 63 16 64
.H 64 16 65
.H 65 16 66
.H 66 16 67
.H 67 16 68
.H 68 16 69
.V 69 16 25
.H 69 25 70
.H 70 25 71
.H 71 25 72
.H 72 25 73
.H 73 25 74
.V 74 29 30
.V 74 25 29
.end
.begin 36
.V 16 22 30
.H 16 22 17
.H 17 22 18
.H 18 22 19
.H 19 22 20
.H 20 22 21
.H 21 22 22
.H 22 22 23
.H 23 22 24
.H 24 22 25
.H 25 22 26
.H 26 22 27
.H 27 22 28
.H 28 22 29
.H 29 22 30
.H 30 22 31
.H 31 22 32
.H 32 22 33
.H 33 22 34
.H 34 22 35
.H 35 22 36
.V 36 3 22
.H 36 3 37
.V 37 0 3
.H 37 3 38
.H 38 3 39
.H 39 3 40
.V 40 0 3
.H 40 3 41
.H 41 3 42
.V 42 26 30
.H 42 26 43
.H 42 3 43
.H 43 26 44
.H 43 3 44
.H 44 26 45
.H 44 3 45
.H 45 26 46
.H 45 3 46
.V 46 3 26
.H 46 3 47
.H 47 3 48
.H 48 3 49
.H 49 3 50
.V 50 0 3
.V 50 3 14
.H 50 14 51
.H 51 14 52
.H 52 14 53
.H 53 14 54
.H 54 14 55
.H 55 14 56
.H 56 14 57
.H 57 14 58
.H 58 14 59
.V 59 14 20
.H 59 20 60
.H 60 20 61
.H 61 20 62
.H 62 20 63
.H 63 20 64
.V 64 20 30
.end
