.begin 1
.V 20 10 21
.H 20 10 21
.H 21 10 22
.H 22 10 23
.H 23 10 24
.H 24 10 25
.H 25 10 26
.H 26 10 27
.H 27 10 28
.H 28 10 29
.H 29 10 30
.H 30 10 31
.H 31 10 32
.H 32 10 33
.H 33 10 34
.H 34 10 35
.H 35 10 36
.H 36 10 37
.H 37 10 38
.H 38 10 39
.V 39 0 5
.V 39 5 10
.H 39 10 40
.H 40 10 41
.H 41 10 42
.H 42 10 43
.V 43 10 17
.H 43 17 44
.H 44 17 45
.H 45 17 46
.H 46 17 47
.V 47 17 21
.H 47 17 48
.H 48 17 49
.V 49 20 21
.V 49 17 20
.H 49 20 50
.H 50 20 51
.H 51 20 52
.H 52 20 53
.H 53 20 54
.H 54 20 55
.H 55 20 56
.V 56 20 21
.H 56 20 57
.H 57 20 58
.H 58 20 59
.H 59 20 60
.H 60 20 61
.H 61 20 62
.H 62 20 63
.H 63 20 64
.H 64 20 65
.H 65 20 66
.H 66 20 67
.H 67 20 68
.H 68 20 69
.H 69 20 70
.H 70 20 71
.H 71 20 72
.H 72 20 73
.H 73 20 74
.H 74 20 75
.H 75 20 76
.H 76 20 77
.H 77 20 78
.H 78 20 79
.H 79 20 80
.H 80 20 81
.H 81 20 82
.H 82 20 83
.H 83 20 84
.H 84 20 85
.H 85 20 86
.H 86 20 87
.H 87 20 88
.H 88 20 89
.H 89 20 90
.H 90 20 91
.H 91 20 92
.H 92 20 93
.H 93 20 94
.V 94 20 21
.end
.begin 2
.V 0 20 21
.H 0 20 1
.H 1 20 2
.H 2 20 3
.H 3 20 4
.H 4 20 5
.H 5 20 6
.H 6 20 7
.H 7 20 8
.H 8 20 9
.H 9 20 10
.H 10 20 11
.H 11 20 12
.H 12 20 13
.H 13 20 14
.H 14 20 15
.H 15 20 16
.H 16 20 17
.H 17 20 18
.H 18 20 19
.H 19 20 20
.H 20 20 21
.H 21 20 22
.H 22 20 23
.H 23 20 24
.H 24 20 25
.H 25 20 26
.H 26 20 27
.H 27 20 28
.H 28 20 29
.H 29 20 30
.H 30 20 31
.H 31 20 32
.H 32 20 33
.H 33 20 34
.H 34 20 35
.H 35 20 36
.V 36 9 20
.H 36 9 37
.H 37 9 38
.H 38 9 39
.H 39 9 40
.H 40 9 41
.H 41 9 42
.V 42 5 9
.H 42 5 43
.H 43 5 44
.H 44 5 45
.H 45 5 46
.V 46 1 5
.H 46 1 47
.H 47 1 48
.H 48 1 49
.V 49 0 1
.H 49 1 50
.H 50 1 51
.V 51 0 1
.end
.begin 3
.V 0 0 2
.V 0 2 19
.H 0 19 1
.H 1 19 2
.H 2 19 3
.H 3 19 4
.H 4 19 5
.H 5 19 6
.H 6 19 7
.V 7 19 21
.H 7 19 8
.H 8 19 9
.H 9 19 10
.H 10 19 11
.H 11 19 12
.H 12 19 13
.H 13 19 14
.H 14 19 15
.H 15 19 16
.H 16 19 17
.H 17 19 18
.H 18 19 19
.H 19 19 20
.H 20 19 21
.H 21 19 22
.H 22 19 23
.H 23 19 24
.H 24 19 25
.H 25 19 26
.H 26 19 27
.H 27 19 28
.V 28 19 21
.H 28 19 29
.H 29 19 30
.H 30 19 31
.H 31 19 32
.H 32 19 33
.H 33 19 34
.H 34 19 35
.H 35 19 36
.H 36 19 37
.V 37 11 19
.H 37 11 38
.H 38 11 39
.H 39 11 40
.V 40 16 21
.V 40 11 16
.V 40 7 11
.H 40 7 41
.H 41 7 42
.H 42 7 43
.V 43 0 7
.H 43 7 44
.H 44 7 45
.V 45 0 1
.V 45 1 7
.V 45 7 10
.H 45 10 46
.H 46 10 47
.H 47 10 48
.H 48 10 49
.H 49 10 50
.H 50 10 51
.H 51 10 52
.H 52 10 53
.H 53 10 54
.H 54 10 55
.H 55 10 56
.H 56 10 57
.H 57 10 58
.H 58 10 59
.H 59 10 60
.V 60 10 14
.H 60 14 61
.V 61 14 17
.H 61 17 62
.V 62 17 21
.end
.begin 4
.V 1 18 21
.V 1 3 18
.H 1 3 2
.H 2 3 3
.H 3 3 4
.H 4 3 5
.H 5 3 6
.H 6 3 7
.H 7 3 8
.H 8 3 9
.H 9 3 10
.H 10 3 11
.H 11 3 12
.V 12 0 3
.end
.begin 5
.V 1 0 2
.H 1 2 2
.H 2 2 3
.H 3 2 4
.V 4 0 2
.V 4 2 12
.H 4 12 5
.H 5 12 6
.H 6 12 7
.H 7 12 8
.H 8 12 9
.H 9 12 10
.V 10 12 21
.H 10 12 11
.H 11 12 12
.H 12 12 13
.V 13 12 21
.H 13 12 14
.H 14 12 15
.H 15 12 16
.H 16 12 17
.H 17 12 18
.H 18 12 19
.H 19 12 20
.H 20 12 21
.H 21 12 22
.H 22 12 23
.H 23 12 24
.H 24 12 25
.H 25 12 26
.H 26 12 27
.H 27 12 28
.H 28 12 29
.H 29 12 30
.H 30 12 31
.H 31 12 32
.H 32 12 33
.H 33 12 34
.H 34 12 35
.H 35 12 36
.H 36 12 37
.H 37 12 38
.H 38 12 39
.H 39 12 40
.H 40 12 41
.V 41 12 16
.H 41 16 42
.H 42 16 43
.H 43 16 44
.H 44 16 45
.V 45 20 21
.V 45 16 20
.H 45 20 46
.H 46 20 47
.H 47 20 48
.V 48 20 21
.end
.begin 6
.V 2 18 21
.V 2 5 18
.H 2 5 3
.H 3 5 4
.H 4 5 5
.H 5 5 6
.H 6 5 7
.H 7 5 8
.H 8 5 9
.H 9 5 10
.H 10 5 11
.H 11 5 12
.H 12 5 13
.H 13 5 14
.H 14 5 15
.V 15 0 4
.V 15 4 5
.H 15 4 16
.H 16 4 17
.H 17 4 18
.H 18 4 19
.H 19 4 20
.V 20 0 4
.H 20 4 21
.H 21 4 22
.H 22 4 23
.H 23 4 24
.H 24 4 25
.H 25 4 26
.H 26 4 27
.H 27 4 28
.H 28 4 29
.H 29 4 30
.H 30 4 31
.V 31 0 4
.H 31 4 32
.H 32 4 33
.H 33 4 34
.H 34 4 35
.H 35 4 36
.H 36 4 37
.H 37 4 38
.H 38 4 39
.H 39 4 40
.H 40 4 41
.H 41 4 42
.H 42 4 43
.H 43 4 44
.H 44 4 45
.H 45 4 46
.H 46 4 47
.H 47 4 48
.H 48 4 49
.H 49 4 50
.H 50 4 51
.H 51 4 52
.H 52 4 53
.H 53 4 54
.H 54 4 55
.H 55 4 56
.H 56 4 57
.V 57 0 1
.V 57 1 4
.V 57 4 7
.H 57 7 58
.H 58 7 59
.H 59 7 60
.H 60 7 61
.H 61 7 62
.H 62 7 63
.H 63 7 64
.H 64 7 65
.H 65 7 66
.H 66 7 67
.H 67 7 68
.V 68 19 21
.V 68 7 19
.H 68 7 69
.H 69 7 70
.H 70 7 71
.H 71 7 72
.H 72 7 73
.H 73 7 74
.V 74 7 21
.H 74 7 75
.H 75 7 76
.V 76 0 1
.V 76 1 7
.H 76 7 77
.H 77 7 78
.H 78 7 79
.H 79 7 80
.H 80 7 81
.H 81 7 82
.H 82 7 83
.H 83 7 84
.H 84 7 85
.H 85 7 86
.H 86 7 87
.H 87 7 88
.H 88 7 89
.H 89 7 90
.H 90 7 91
.H 91 7 92
.H 92 7 93
.H 93 7 94
.H 94 7 95
.H 95 7 96
.H 96 7 97
.H 97 7 98
.H 98 7 99
.H 99 7 100
.H 100 7 101
.H 101 7 102
.H 102 7 103
.H 103 7 104
.H 104 7 105
.H 105 7 106
.H 106 7 107
.H 107 7 108
.H 108 7 109
.H 109 7 110
.H 110 7 111
.V 111 18 21
.V 111 13 18
.H 111 13 112
.H 111 7 112
.V 112 7 13
.H 112 13 113
.H 113 13 114
.H 114 13 115
.H 115 13 116
.H 116 13 117
.H 117 13 118
.H 118 13 119
.V 119 0 8
.V 119 8 13
.H 119 8 120
.V 120 0 21
.end
.begin 7
.V 2 0 4
.H 2 4 3
.H 3 4 4
.H 4 4 5
.V 5 4 7
.H 5 7 6
.H 6 7 7
.H 7 7 8
.V 8 0 7
.H 8 7 9
.H 9 7 10
.H 10 7 11
.V 11 0 7
.H 11 7 12
.H 12 7 13
.H 13 7 14
.H 14 7 15
.H 15 7 16
.V 16 7 21
.end
.begin 8
.V 3 18 21
.H 3 18 4
.H 4 18 5
.H 5 18 6
.H 6 18 7
.H 7 18 8
.H 8 18 9
.H 9 18 10
.H 10 18 11
.H 11 18 12
.H 12 18 13
.H 13 18 14
.V 14 0 3
.H 14 18 15
.H 14 3 15
.H 15 18 16
.H 15 3 16
.H 16 18 17
.H 16 3 17
.H 17 18 18
.H 17 3 18
.H 18 18 19
.H 18 3 19
.V 19 0 3
.H 19 18 20
.H 19 3 20
.H 20 18 21
.H 20 3 21
.H 21 18 22
.H 21 3 22
.H 22 18 23
.H 22 3 23
.H 23 18 24
.H 23 3 24
.H 24 18 25
.H 24 3 25
.V 25 3 18
.H 25 3 26
.H 26 3 27
.H 27 3 28
.H 28 3 29
.H 29 3 30
.V 30 0 3
.H 30 3 31
.H 31 3 32
.H 32 3 33
.H 33 3 34
.H 34 3 35
.H 35 3 36
.H 36 3 37
.H 37 3 38
.H 38 3 39
.H 39 3 40
.H 40 3 41
.H 41 3 42
.H 42 3 43
.H 43 3 44
.H 44 3 45
.H 45 3 46
.H 46 3 47
.H 47 3 48
.H 48 3 49
.H 49 3 50
.H 50 3 51
.H 51 3 52
.H 52 3 53
.V 53 3 8
.H 53 8 54
.H 54 8 55
.H 55 8 56
.H 56 8 57
.H 57 8 58
.V 58 0 1
.V 58 1 8
.H 58 8 59
.H 59 8 60
.H 60 8 61
.H 61 8 62
.H 62 8 63
.V 63 17 21
.V 63 8 17
.H 63 10 64
.H 64 10 65
.H 65 10 66
.H 66 10 67
.H 67 10 68
.H 68 10 69
.H 69 10 70
.H 70 10 71
.V 71 0 4
.V 71 4 10
.H 71 10 72
.H 72 10 73
.H 73 10 74
.H 74 10 75
.H 75 10 76
.H 76 10 77
.H 77 10 78
.H 78 10 79
.V 79 16 21
.V 79 10 16
.H 79 10 80
.H 80 10 81
.H 81 10 82
.H 82 10 83
.H 83 10 84
.H 84 10 85
.H 85 10 86
.H 86 10 87
.H 87 10 88
.H 88 10 89
.H 89 10 90
.H 90 10 91
.H 91 10 92
.H 92 10 93
.H 93 10 94
.H 94 10 95
.H 95 10 96
.H 96 10 97
.H 97 10 98
.H 98 10 99
.H 99 10 100
.H 100 10 101
.H 101 10 102
.V 102 19 21
.V 102 10 19
.V 102 3 10
.H 102 3 103
.H 103 3 104
.H 104 3 105
.H 105 3 106
.H 106 3 107
.H 107 3 108
.H 108 3 109
.H 109 3 110
.V 110 0 3
.H 110 3 111
.H 111 3 112
.H 112 3 113
.H 113 3 114
.H 114 3 115
.H 115 3 116
.H 116 3 117
.H 117 3 118
.H 118 3 119
.H 119 3 120
.H 120 3 121
.H 121 3 122
.H 122 3 123
.H 123 3 124
.H 124 3 125
.V 125 18 21
.V 125 3 18
.H 125 3 126
.H 126 3 127
.H 127 3 128
.H 128 3 129
.V 129 0 3
.end
.begin 9
.V 3 0 6
.V 3 6 17
.H 3 17 4
.H 4 17 5
.H 5 17 6
.H 6 17 7
.H 7 17 8
.V 8 17 21
.H 8 17 9
.H 9 17 10
.H 10 17 11
.H 11 17 12
.H 12 17 13
.H 13 17 14
.H 14 17 15
.H 15 17 16
.H 16 17 17
.H 17 17 18
.H 18 17 19
.H 19 17 20
.H 20 17 21
.H 21 17 22
.H 22 17 23
.H 23 17 24
.H 24 17 25
.H 25 17 26
.H 26 17 27
.H 27 17 28
.H 28 17 29
.H 29 17 30
.H 30 17 31
.H 31 17 32
.H 32 17 33
.H 33 17 34
.H 34 17 35
.H 35 17 36
.H 36 17 37
.H 37 17 38
.H 38 17 39
.H 39 17 40
.H 40 17 41
.V 41 17 21
.H 41 17 42
.V 42 12 17
.H 42 12 43
.H 43 12 44
.H 44 12 45
.H 45 12 46
.H 46 12 47
.H 47 12 48
.V 48 0 8
.V 48 8 12
.H 48 11 49
.H 49 11 50
.V 50 0 2
.V 50 2 11
.H 50 11 51
.H 51 11 52
.H 52 11 53
.H 53 11 54
.H 54 11 55
.V 55 12 21
.V 55 11 12
.end
.begin 10
.V 4 16 21
.H 4 16 5
.H 5 16 6
.H 6 16 7
.H 7 16 8
.H 8 16 9
.H 9 16 10
.H 10 16 11
.H 11 16 12
.H 12 16 13
.H 13 16 14
.H 14 16 15
.H 15 16 16
.H 16 16 17
.H 17 16 18
.H 18 16 19
.H 19 16 20
.H 20 16 21
.H 21 16 22
.H 22 16 23
.H 23 16 24
.H 24 16 25
.H 25 16 26
.H 26 16 27
.V 27 18 21
.V 27 16 18
.end
.begin 11
.V 5 11 21
.H 5 11 6
.H 6 11 7
.H 7 11 8
.H 8 11 9
.H 9 11 10
.H 10 11 11
.H 11 11 12
.V 12 11 21
.H 12 11 13
.H 13 11 14
.H 14 11 15
.H 15 11 16
.H 16 11 17
.H 17 11 18
.H 18 11 19
.H 19 11 20
.H 20 11 21
.V 21 0 8
.V 21 8 11
.H 21 8 22
.H 22 8 23
.H 23 8 24
.H 24 8 25
.H 25 8 26
.H 26 8 27
.H 27 8 28
.H 28 8 29
.V 29 16 21
.V 29 8 16
.H 29 9 30
.H 30 9 31
.H 31 9 32
.H 32 9 33
.V 33 0 21
.H 33 15 34
.H 34 15 35
.V 35 16 21
.V 35 15 16
.H 35 16 36
.H 36 16 37
.H 37 16 38
.H 38 16 39
.V 39 16 21
.end
.begin 12
.V 5 0 2
.H 5 2 6
.H 6 2 7
.H 7 2 8
.H 8 2 9
.V 9 0 2
.H 9 2 10
.H 10 2 11
.H 11 2 12
.H 12 2 13
.H 13 2 14
.H 14 2 15
.H 15 2 16
.H 16 2 17
.V 17 7 21
.H 17 7 18
.H 17 2 18
.H 18 7 19
.H 18 2 19
.H 19 7 20
.H 19 2 20
.H 20 7 21
.H 20 2 21
.H 21 7 22
.H 21 2 22
.V 22 2 7
.end
.begin 13
.V 6 8 21
.H 6 8 7
.H 7 8 8
.H 8 8 9
.H 9 8 10
.H 10 8 11
.H 11 8 12
.H 12 8 13
.V 13 0 3
.V 13 3 8
.end
.begin 14
.V 6 0 4
.H 6 4 7
.H 7 4 8
.H 8 4 9
.H 9 4 10
.V 10 0 4
.H 10 4 11
.H 11 4 12
.H 12 4 13
.H 13 4 14
.V 14 8 21
.V 14 4 8
.H 14 8 15
.V 15 8 21
.H 15 8 16
.H 16 8 17
.H 17 8 18
.V 18 0 6
.V 18 6 8
.end
.begin 15
.V 7 0 6
.H 7 6 8
.H 8 6 9
.H 9 6 10
.H 10 6 11
.H 11 6 12
.H 12 6 13
.H 13 6 14
.H 14 6 15
.H 15 6 16
.V 16 0 5
.V 16 5 6
.end
.begin 16
.V 9 9 21
.H 9 9 10
.H 10 9 11
.H 11 9 12
.H 12 9 13
.H 13 9 14
.H 14 9 15
.H 15 9 16
.H 16 9 17
.H 17 9 18
.H 18 9 19
.H 19 9 20
.H 20 9 21
.H 21 9 22
.H 22 9 23
.H 23 9 24
.H 24 9 25
.H 25 9 26
.V 26 0 21
.H 26 9 27
.H 27 9 28
.V 28 0 2
.V 28 2 9
.V 28 9 18
.H 28 18 29
.H 29 18 30
.H 30 18 31
.H 31 18 32
.H 32 18 33
.H 33 18 34
.H 34 18 35
.H 35 18 36
.H 36 18 37
.H 37 18 38
.H 38 18 39
.H 39 18 40
.H 40 18 41
.H 41 18 42
.V 42 18 21
.end
.begin 17
.V 11 10 21
.H 11 10 12
.H 12 10 13
.H 13 10 14
.H 14 10 15
.H 15 10 16
.H 16 10 17
.H 17 10 18
.V 18 10 21
.end
.begin 18
.V 17 0 5
.H 17 5 18
.H 18 5 19
.H 19 5 20
.H 20 5 21
.H 21 5 22
.H 22 5 23
.H 23 5 24
.H 24 5 25
.V 25 0 2
.H 25 5 26
.H 25 2 26
.H 26 5 27
.H 26 2 27
.V 27 0 2
.V 27 2 5
.end
.begin 19
.V 19 10 21
.V 19 6 10
.H 19 6 20
.H 20 6 21
.H 21 6 22
.H 22 6 23
.H 23 6 24
.H 24 6 25
.H 25 6 26
.H 26 6 27
.H 27 6 28
.H 28 6 29
.H 29 6 30
.H 30 6 31
.H 31 6 32
.H 32 6 33
.H 33 6 34
.H 34 6 35
.H 35 6 36
.H 36 6 37
.H 37 6 38
.H 38 6 39
.H 39 6 40
.H 40 6 41
.H 41 6 42
.H 42 6 43
.H 43 6 44
.H 44 6 45
.H 45 6 46
.H 46 6 47
.H 47 6 48
.H 48 6 49
.H 49 6 50
.H 50 6 51
.H 51 6 52
.V 52 1 6
.H 52 1 53
.H 53 1 54
.H 54 1 55
.H 55 1 56
.V 56 0 1
.V 56 1 9
.H 56 9 57
.H 57 9 58
.H 58 9 59
.H 59 9 60
.H 60 9 61
.H 61 9 62
.H 62 9 63
.H 63 9 64
.H 64 9 65
.H 65 9 66
.H 66 9 67
.V 67 19 21
.V 67 9 19
.H 67 9 68
.H 68 9 69
.H 69 9 70
.H 70 9 71
.H 71 9 72
.H 72 9 73
.H 73 9 74
.H 74 9 75
.V 75 0 21
.H 75 9 76
.H 76 9 77
.H 77 9 78
.H 78 9 79
.H 79 9 80
.H 80 9 81
.H 81 9 82
.H 82 9 83
.H 83 9 84
.H 84 9 85
.H 85 9 86
.H 86 9 87
.H 87 9 88
.H 88 9 89
.H 89 9 90
.H 90 9 91
.H 91 9 92
.H 92 9 93
.H 93 9 94
.H 94 9 95
.H 95 9 96
.H 96 9 97
.H 97 9 98
.H 98 9 99
.H 99 9 100
.H 100 9 101
.H 101 9 102
.H 102 9 103
.H 103 9 104
.H 104 9 105
.H 105 9 106
.H 106 9 107
.H 107 9 108
.H 108 9 109
.H 109 9 110
.V 110 18 21
.V 110 9 18
.H 110 9 111
.H 111 9 112
.H 112 9 113
.H 113 9 114
.H 114 9 115
.H 115 9 116
.H 116 9 117
.H 117 9 118
.V 118 0 8
.V 118 8 9
.H 118 9 119
.H 119 9 120
.H 120 9 121
.V 121 0 21
.end
.begin 20
.V 21 15 21
.H 21 15 22
.H 22 15 23
.H 23 15 24
.H 24 15 25
.H 25 15 26
.H 26 15 27
.V 27 11 15
.H 27 11 28
.H 28 11 29
.H 29 11 30
.H 30 11 31
.H 31 11 32
.H 32 11 33
.H 33 11 34
.V 34 8 11
.H 34 8 35
.H 35 8 36
.V 36 5 8
.H 36 5 37
.H 37 5 38
.V 38 0 5
.V 38 5 15
.H 38 15 39
.H 39 15 40
.H 40 15 41
.H 41 15 42
.H 42 15 43
.H 43 15 44
.H 44 15 45
.H 45 15 46
.H 46 15 47
.H 47 15 48
.H 48 15 49
.H 49 15 50
.V 50 17 21
.V 50 15 17
.H 50 17 51
.H 51 17 52
.H 52 17 53
.H 53 17 54
.H 54 17 55
.H 55 17 56
.H 56 17 57
.V 57 18 21
.V 57 17 18
.V 57 12 17
.H 57 12 58
.H 58 12 59
.H 59 12 60
.H 60 12 61
.H 61 12 62
.H 62 12 63
.H 63 12 64
.H 64 12 65
.H 65 12 66
.H 66 12 67
.H 67 12 68
.H 68 12 69
.H 69 12 70
.H 70 12 71
.H 71 12 72
.H 72 12 73
.H 73 12 74
.H 74 12 75
.H 75 12 76
.H 76 12 77
.H 77 12 78
.H 78 12 79
.H 79 12 80
.H 80 12 81
.H 81 12 82
.H 82 12 83
.H 83 12 84
.H 84 12 85
.H 85 12 86
.H 86 12 87
.H 87 12 88
.H 88 12 89
.H 89 12 90
.H 90 12 91
.H 91 12 92
.H 92 12 93
.V 93 17 21
.V 93 12 17
.V 93 5 12
.H 93 5 94
.H 94 5 95
.H 95 5 96
.V 96 0 5
.H 96 5 97
.H 97 5 98
.H 98 5 99
.H 99 5 100
.H 100 5 101
.H 101 5 102
.H 102 5 103
.H 103 5 104
.H 104 5 105
.V 105 0 5
.H 105 5 106
.H 106 5 107
.V 107 0 5
.H 107 5 108
.H 108 5 109
.H 109 5 110
.H 110 5 111
.H 111 5 112
.H 112 5 113
.H 113 5 114
.H 114 5 115
.H 115 5 116
.H 116 5 117
.H 117 5 118
.H 118 5 119
.H 119 5 120
.H 120 5 121
.H 121 5 122
.H 122 5 123
.H 123 5 124
.H 124 5 125
.H 125 5 126
.H 126 5 127
.H 127 5 128
.H 128 5 129
.H 129 5 130
.H 130 5 131
.H 131 5 132
.H 132 5 133
.H 133 5 134
.V 134 0 5
.H 134 5 135
.H 135 5 136
.H 136 5 137
.H 137 5 138
.H 138 5 139
.H 139 5 140
.H 140 5 141
.H 141 5 142
.H 142 5 143
.V 143 0 5
.H 143 5 144
.H 144 5 145
.H 145 5 146
.H 146 5 147
.H 147 5 148
.H 148 5 149
.H 149 5 150
.H 150 5 151
.H 151 5 152
.H 152 5 153
.H 153 5 154
.V 154 0 2
.V 154 2 5
.H 154 2 155
.H 155 2 156
.H 156 2 157
.H 157 2 158
.H 158 2 159
.H 159 2 160
.H 160 2 161
.H 161 2 162
.H 162 2 163
.H 163 2 164
.H 164 2 165
.V 165 0 1
.V 165 1 2
.end
.begin 21
.V 22 11 21
.H 22 11 23
.V 23 0 2
.H 23 11 24
.H 23 2 24
.V 24 2 11
.end
.begin 22
.V 22 0 1
.H 22 1 23
.H 23 1 24
.H 24 1 25
.H 25 1 26
.H 26 1 27
.H 27 1 28
.H 28 1 29
.H 29 1 30
.H 30 1 31
.H 31 1 32
.H 32 1 33
.H 33 1 34
.H 34 1 35
.H 35 1 36
.H 36 1 37
.H 37 1 38
.H 38 1 39
.H 39 1 40
.H 40 1 41
.H 41 1 42
.V 42 0 1
.H 42 1 43
.H 43 1 44
.V 44 0 1
.end
.begin 23
.V 23 7 21
.H 23 7 24
.H 24 7 25
.H 25 7 26
.H 26 7 27
.H 27 7 28
.H 28 7 29
.V 29 2 7
.H 29 2 30
.H 30 2 31
.H 31 2 32
.H 32 2 33
.H 33 2 34
.H 34 2 35
.H 35 2 36
.V 36 0 2
.H 36 2 37
.H 37 2 38
.H 38 2 39
.H 39 2 40
.H 40 2 41
.H 41 2 42
.H 42 2 43
.H 43 2 44
.H 44 2 45
.H 45 2 46
.H 46 2 47
.H 47 2 48
.H 48 2 49
.V 49 2 9
.H 49 9 50
.H 50 9 51
.H 51 9 52
.V 52 15 21
.V 52 9 15
.H 52 9 53
.H 53 9 54
.V 54 0 2
.V 54 2 9
.V 54 9 14
.H 54 14 55
.H 55 14 56
.H 56 14 57
.H 57 14 58
.H 58 14 59
.V 59 18 21
.V 59 14 18
.H 59 18 60
.H 60 18 61
.H 61 18 62
.H 62 18 63
.H 63 18 64
.H 64 18 65
.H 65 18 66
.H 66 18 67
.H 67 18 68
.H 68 18 69
.H 69 18 70
.H 70 18 71
.H 71 18 72
.H 72 18 73
.H 73 18 74
.H 74 18 75
.H 75 18 76
.H 76 18 77
.H 77 18 78
.H 78 18 79
.H 79 18 80
.H 80 18 81
.H 81 18 82
.H 82 18 83
.H 83 18 84
.H 84 18 85
.H 85 18 86
.H 86 18 87
.H 87 18 88
.H 88 18 89
.H 89 18 90
.H 90 18 91
.V 91 18 21
.H 91 18 92
.H 92 18 93
.H 93 18 94
.H 94 18 95
.H 95 18 96
.H 96 18 97
.H 97 18 98
.H 98 18 99
.H 99 18 100
.H 100 18 101
.H 101 18 102
.H 102 18 103
.H 103 18 104
.H 104 18 105
.H 105 18 106
.H 106 18 107
.V 107 13 18
.H 107 13 108
.H 108 13 109
.V 109 0 13
.end
.begin 24
.V 24 14 21
.H 24 14 25
.H 25 14 26
.H 26 14 27
.H 27 14 28
.H 28 14 29
.H 29 14 30
.V 30 5 14
.H 30 5 31
.H 31 5 32
.H 32 5 33
.H 33 5 34
.H 34 5 35
.V 35 0 5
.V 35 5 14
.H 35 14 36
.H 36 14 37
.H 37 14 38
.H 38 14 39
.H 39 14 40
.H 40 14 41
.H 41 14 42
.H 42 14 43
.H 43 14 44
.H 44 14 45
.H 45 14 46
.H 46 14 47
.H 47 14 48
.H 48 14 49
.H 49 14 50
.H 50 14 51
.H 51 14 52
.H 52 14 53
.V 53 15 21
.V 53 14 15
.H 53 15 54
.H 54 15 55
.H 55 15 56
.H 56 15 57
.H 57 15 58
.H 58 15 59
.H 59 15 60
.V 60 17 21
.V 60 15 17
.H 60 15 61
.H 61 15 62
.H 62 15 63
.H 63 15 64
.H 64 15 65
.H 65 15 66
.H 66 15 67
.H 67 15 68
.H 68 15 69
.H 69 15 70
.H 70 15 71
.H 71 15 72
.H 72 15 73
.H 73 15 74
.H 74 15 75
.H 75 15 76
.H 76 15 77
.H 77 15 78
.H 78 15 79
.H 79 15 80
.H 80 15 81
.H 81 15 82
.H 82 15 83
.H 83 15 84
.H 84 15 85
.H 85 15 86
.H 86 15 87
.H 87 15 88
.H 88 15 89
.H 89 15 90
.V 90 16 21
.V 90 15 16
.H 90 15 91
.H 91 15 92
.H 92 15 93
.H 93 15 94
.V 94 12 15
.H 94 12 95
.H 95 12 96
.H 96 12 97
.H 97 12 98
.V 98 0 12
.H 98 12 99
.H 99 12 100
.H 100 12 101
.H 101 12 102
.H 102 12 103
.V 103 0 8
.H 103 12 104
.H 103 8 104
.H 104 12 105
.H 104 8 105
.H 105 12 106
.H 105 8 106
.H 106 12 107
.H 106 8 107
.V 107 8 12
.H 107 8 108
.H 108 8 109
.H 109 8 110
.H 110 8 111
.H 111 8 112
.H 112 8 113
.H 113 8 114
.H 114 8 115
.H 115 8 116
.V 116 4 8
.H 116 4 117
.H 117 4 118
.H 118 4 119
.H 119 4 120
.H 120 4 121
.H 121 4 122
.H 122 4 123
.H 123 4 124
.H 124 4 125
.H 125 4 126
.H 126 4 127
.H 127 4 128
.H 128 4 129
.H 129 4 130
.H 130 4 131
.H 131 4 132
.V 132 0 4
.H 132 4 133
.H 133 4 134
.H 134 4 135
.H 135 4 136
.H 136 4 137
.H 137 4 138
.H 138 4 139
.H 139 4 140
.H 140 4 141
.V 141 0 4
.H 141 4 142
.H 142 4 143
.H 143 4 144
.H 144 4 145
.V 145 0 4
.H 145 4 146
.H 146 4 147
.H 147 4 148
.H 148 4 149
.H 149 4 150
.H 150 4 151
.H 151 4 152
.V 152 0 4
.H 152 4 153
.H 153 4 154
.H 154 4 155
.H 155 4 156
.H 156 4 157
.H 157 4 158
.H 158 4 159
.H 159 4 160
.H 160 4 161
.H 161 4 162
.V 162 1 4
.H 162 1 163
.V 163 0 1
.end
.begin 25
.V 30 16 21
.H 30 16 31
.V 31 7 16
.H 31 7 32
.H 32 7 33
.H 33 7 34
.H 34 7 35
.H 35 7 36
.H 36 7 37
.V 37 0 7
.end
.begin 26
.V 32 0 21
.H 32 16 33
.H 33 16 34
.V 34 16 21
.end
.begin 27
.V 37 20 21
.H 37 20 38
.H 38 20 39
.H 39 20 40
.H 40 20 41
.H 41 20 42
.H 42 20 43
.H 43 20 44
.V 44 20 21
.V 44 8 20
.H 44 8 45
.H 45 8 46
.H 46 8 47
.V 47 5 8
.H 47 5 48
.H 48 5 49
.H 49 5 50
.H 50 5 51
.H 51 5 52
.H 52 5 53
.H 53 5 54
.H 54 5 55
.H 55 5 56
.H 56 5 57
.H 57 5 58
.H 58 5 59
.H 59 5 60
.V 60 0 1
.V 60 1 5
.H 60 5 61
.V 61 5 10
.H 61 10 62
.V 62 10 16
.H 62 16 63
.H 63 16 64
.H 64 16 65
.H 65 16 66
.H 66 16 67
.H 67 16 68
.H 68 16 69
.H 69 16 70
.V 70 16 21
.H 70 16 71
.H 71 16 72
.H 72 16 73
.H 73 16 74
.H 74 16 75
.H 75 16 76
.H 76 16 77
.V 77 4 16
.H 77 4 78
.H 78 4 79
.H 79 4 80
.H 80 4 81
.H 81 4 82
.H 82 4 83
.H 83 4 84
.H 84 4 85
.V 85 0 3
.V 85 3 4
.end
.begin 28
.V 38 19 21
.H 38 19 39
.H 39 19 40
.H 40 19 41
.H 41 19 42
.H 42 19 43
.H 43 19 44
.H 44 19 45
.H 45 19 46
.H 46 19 47
.H 47 19 48
.H 48 19 49
.H 49 19 50
.H 50 19 51
.H 51 19 52
.H 52 19 53
.H 53 19 54
.H 54 19 55
.H 55 19 56
.H 56 19 57
.H 57 19 58
.H 58 19 59
.H 59 19 60
.H 60 19 61
.H 61 19 62
.H 62 19 63
.H 63 19 64
.H 64 19 65
.H 65 19 66
.V 66 19 21
.end
.begin 29
.V 40 0 5
.H 40 5 41
.V 41 5 11
.H 41 11 42
.H 42 11 43
.H 43 11 44
.H 44 11 45
.H 45 11 46
.H 46 11 47
.V 47 11 16
.H 47 16 48
.H 48 16 49
.H 49 16 50
.H 50 16 51
.H 51 16 52
.H 52 16 53
.H 53 16 54
.H 54 16 55
.H 55 16 56
.H 56 16 57
.H 57 16 58
.V 58 18 21
.V 58 16 18
.end
.begin 30
.V 43 18 21
.H 43 18 44
.H 44 18 45
.H 45 18 46
.H 46 18 47
.H 47 18 48
.H 48 18 49
.H 49 18 50
.H 50 18 51
.H 51 18 52
.H 52 18 53
.H 53 18 54
.H 54 18 55
.H 55 18 56
.V 56 11 18
.H 56 11 57
.H 57 11 58
.H 58 11 59
.V 59 0 1
.V 59 1 11
.H 59 11 60
.H 60 11 61
.H 61 11 62
.H 62 11 63
.H 63 11 64
.V 64 17 21
.V 64 11 17
.H 64 11 65
.H 65 11 66
.H 66 11 67
.H 67 11 68
.H 68 11 69
.H 69 11 70
.H 70 11 71
.H 71 11 72
.V 72 0 4
.H 72 11 73
.H 72 4 73
.V 73 4 11
.H 73 11 74
.H 74 11 75
.H 75 11 76
.H 76 11 77
.H 77 11 78
.V 78 16 21
.V 78 11 16
.H 78 11 79
.H 79 11 80
.H 80 11 81
.H 81 11 82
.H 82 11 83
.H 83 11 84
.H 84 11 85
.H 85 11 86
.H 86 11 87
.H 87 11 88
.H 88 11 89
.H 89 11 90
.H 90 11 91
.H 91 11 92
.H 92 11 93
.H 93 11 94
.H 94 11 95
.H 95 11 96
.H 96 11 97
.H 97 11 98
.H 98 11 99
.H 99 11 100
.H 100 11 101
.H 101 11 102
.H 102 11 103
.V 103 19 21
.V 103 11 19
.H 103 11 104
.H 104 11 105
.H 105 11 106
.H 106 11 107
.H 107 11 108
.H 108 11 109
.H 109 11 110
.H 110 11 111
.V 111 0 11
.H 111 11 112
.H 112 11 113
.H 113 11 114
.H 114 11 115
.H 115 11 116
.H 116 11 117
.H 117 11 118
.H 118 11 119
.H 119 11 120
.H 120 11 121
.H 121 11 122
.H 122 11 123
.H 123 11 124
.V 124 18 21
.V 124 11 18
.H 124 11 125
.H 125 11 126
.H 126 11 127
.H 127 11 128
.V 128 0 6
.V 128 6 11
.end
.begin 31
.V 46 16 21
.V 46 7 16
.H 46 7 47
.H 47 7 48
.H 48 7 49
.H 49 7 50
.H 50 7 51
.H 51 7 52
.H 52 7 53
.H 53 7 54
.H 54 7 55
.V 55 3 7
.H 55 3 56
.H 56 3 57
.H 57 3 58
.H 58 3 59
.H 59 3 60
.H 60 3 61
.H 61 3 62
.H 62 3 63
.H 63 3 64
.H 64 3 65
.H 65 3 66
.V 66 0 3
.H 66 3 67
.H 67 3 68
.H 68 3 69
.H 69 3 70
.V 70 0 3
.H 70 3 71
.H 71 3 72
.H 72 3 73
.H 73 3 74
.H 74 3 75
.H 75 3 76
.H 76 3 77
.H 77 3 78
.H 78 3 79
.H 79 3 80
.V 80 16 21
.V 80 3 16
.H 80 16 81
.V 81 0 3
.V 81 3 16
.H 81 16 82
.H 82 16 83
.V 83 0 2
.V 83 2 16
.H 83 16 84
.H 84 16 85
.H 85 16 86
.H 86 16 87
.H 87 16 88
.V 88 16 21
.H 88 16 89
.V 89 3 16
.H 89 3 90
.V 90 0 3
.end
.begin 32
.V 51 15 21
.V 51 2 15
.H 51 2 52
.H 52 2 53
.V 53 0 2
.end
.begin 33
.V 55 0 2
.H 55 2 56
.H 56 2 57
.H 57 2 58
.H 58 2 59
.H 59 2 60
.H 60 2 61
.H 61 2 62
.H 62 2 63
.H 63 2 64
.H 64 2 65
.H 65 2 66
.H 66 2 67
.H 67 2 68
.H 68 2 69
.H 69 2 70
.H 70 2 71
.H 71 2 72
.H 72 2 73
.H 73 2 74
.H 74 2 75
.H 75 2 76
.H 76 2 77
.H 77 2 78
.H 78 2 79
.H 79 2 80
.V 80 0 2
.H 80 2 81
.H 81 2 82
.V 82 0 2
.end
.begin 34
.V 61 0 1
.V 61 1 4
.H 61 4 62
.H 62 4 63
.H 63 4 64
.V 64 4 8
.H 64 8 65
.H 65 8 66
.V 66 8 17
.H 66 17 67
.H 67 17 68
.H 68 17 69
.H 69 17 70
.H 70 17 71
.H 71 17 72
.H 72 17 73
.H 73 17 74
.H 74 17 75
.H 75 17 76
.V 76 17 21
.end
.begin 35
.V 62 0 1
.V 62 1 6
.H 62 6 63
.H 63 6 64
.H 64 6 65
.H 65 6 66
.H 66 6 67
.H 67 6 68
.V 68 0 4
.V 68 4 6
.H 68 6 69
.H 69 6 70
.V 70 6 14
.H 70 14 71
.V 71 14 21
.H 71 14 72
.H 72 14 73
.H 73 14 74
.H 74 14 75
.H 75 14 76
.H 76 14 77
.H 77 14 78
.H 78 14 79
.H 79 14 80
.H 80 14 81
.H 81 14 82
.H 82 14 83
.H 83 14 84
.H 84 14 85
.V 85 5 14
.H 85 5 86
.V 86 0 3
.V 86 3 5
.end
.begin 36
.V 63 0 1
.V 63 1 5
.H 63 5 64
.H 64 5 65
.H 65 5 66
.H 66 5 67
.H 67 5 68
.H 68 5 69
.H 69 5 70
.H 70 5 71
.H 71 5 72
.H 72 5 73
.H 73 5 74
.H 74 5 75
.H 75 5 76
.H 76 5 77
.H 77 5 78
.H 78 5 79
.H 79 5 80
.H 80 5 81
.H 81 5 82
.H 82 5 83
.H 83 5 84
.V 84 5 21
.V 84 2 5
.H 84 2 85
.H 85 2 86
.H 86 2 87
.V 87 0 2
.end
.begin 37
.V 64 0 1
.H 64 1 65
.H 65 1 66
.H 66 1 67
.H 67 1 68
.H 68 1 69
.H 69 1 70
.H 70 1 71
.H 71 1 72
.H 72 1 73
.V 73 0 1
.end
.begin 38
.V 65 17 21
.V 65 14 17
.H 65 14 66
.H 66 14 67
.H 67 14 68
.H 68 14 69
.V 69 0 4
.V 69 4 14
.end
.begin 39
.V 65 0 4
.H 65 4 66
.H 66 4 67
.V 67 0 4
.V 67 4 8
.H 67 8 68
.H 68 8 69
.H 69 8 70
.H 70 8 71
.H 71 8 72
.H 72 8 73
.H 73 8 74
.H 74 8 75
.H 75 8 76
.H 76 8 77
.H 77 8 78
.H 78 8 79
.H 79 8 80
.H 80 8 81
.H 81 8 82
.V 82 17 21
.V 82 8 17
.H 82 8 83
.H 83 8 84
.H 84 8 85
.H 85 8 86
.H 86 8 87
.H 87 8 88
.H 88 8 89
.H 89 8 90
.H 90 8 91
.V 91 0 3
.V 91 3 8
.H 91 8 92
.H 92 8 93
.H 93 8 94
.H 94 8 95
.H 95 8 96
.H 96 8 97
.H 97 8 98
.V 98 13 21
.H 98 13 99
.H 98 8 99
.H 99 13 100
.H 99 8 100
.V 100 19 21
.V 100 8 19
.H 100 8 101
.V 101 0 3
.V 101 3 8
.end
.begin 40
.V 69 19 21
.H 69 19 70
.H 70 19 71
.H 71 19 72
.H 72 19 73
.H 73 19 74
.H 74 19 75
.H 75 19 76
.H 76 19 77
.H 77 19 78
.H 78 19 79
.H 79 19 80
.H 80 19 81
.H 81 19 82
.H 82 19 83
.H 83 19 84
.H 84 19 85
.H 85 19 86
.H 86 19 87
.H 87 19 88
.H 88 19 89
.H 89 19 90
.H 90 19 91
.H 91 19 92
.H 92 19 93
.H 93 19 94
.H 94 19 95
.H 95 19 96
.H 96 19 97
.V 97 19 21
.H 97 19 98
.H 98 19 99
.V 99 19 21
.end
.begin 41
.V 72 6 21
.H 72 6 73
.H 73 6 74
.V 74 0 1
.V 74 1 6
.end
.begin 42
.V 73 13 21
.H 73 13 74
.H 74 13 75
.H 75 13 76
.H 76 13 77
.H 77 13 78
.H 78 13 79
.H 79 13 80
.H 80 13 81
.H 81 13 82
.H 82 13 83
.H 83 13 84
.H 84 13 85
.H 85 13 86
.H 86 13 87
.H 87 13 88
.H 88 13 89
.H 89 13 90
.H 90 13 91
.H 91 13 92
.H 92 13 93
.H 93 13 94
.H 94 13 95
.H 95 13 96
.V 96 13 20
.H 96 20 97
.H 97 20 98
.H 98 20 99
.H 99 20 100
.H 100 20 101
.H 101 20 102
.H 102 20 103
.H 103 20 104
.H 104 20 105
.H 105 20 106
.H 106 20 107
.H 107 20 108
.H 108 20 109
.H 109 20 110
.H 110 20 111
.H 111 20 112
.H 112 20 113
.H 113 20 114
.V 114 20 21
.H 114 20 115
.H 115 20 116
.V 116 20 21
.end
.begin 43
.V 77 17 21
.H 77 17 78
.H 78 17 79
.H 79 17 80
.H 80 17 81
.V 81 17 21
.end
.begin 44
.V 77 0 1
.H 77 1 78
.H 78 1 79
.H 79 1 80
.H 80 1 81
.H 81 1 82
.H 82 1 83
.H 83 1 84
.H 84 1 85
.H 85 1 86
.H 86 1 87
.H 87 1 88
.H 88 1 89
.H 89 1 90
.H 90 1 91
.H 91 1 92
.H 92 1 93
.H 93 1 94
.H 94 1 95
.H 95 1 96
.H 96 1 97
.H 97 1 98
.H 98 1 99
.H 99 1 100
.H 100 1 101
.H 101 1 102
.H 102 1 103
.H 103 1 104
.H 104 1 105
.H 105 1 106
.H 106 1 107
.H 107 1 108
.H 108 1 109
.H 109 1 110
.H 110 1 111
.H 111 1 112
.H 112 1 113
.H 113 1 114
.H 114 1 115
.H 115 1 116
.H 116 1 117
.H 117 1 118
.H 118 1 119
.H 119 1 120
.H 120 1 121
.H 121 1 122
.H 122 1 123
.H 123 1 124
.H 124 1 125
.H 125 1 126
.H 126 1 127
.H 127 1 128
.H 128 1 129
.H 129 1 130
.H 130 1 131
.H 131 1 132
.H 132 1 133
.H 133 1 134
.H 134 1 135
.H 135 1 136
.V 136 1 19
.H 136 19 137
.H 137 19 138
.H 138 19 139
.H 139 19 140
.H 140 19 141
.H 141 19 142
.H 142 19 143
.H 143 19 144
.H 144 19 145
.H 145 19 146
.V 146 19 21
.H 146 19 147
.H 147 19 148
.V 148 19 21
.end
.begin 45
.V 78 0 6
.H 78 6 79
.H 79 6 80
.H 80 6 81
.H 81 6 82
.H 82 6 83
.H 83 6 84
.H 84 6 85
.H 85 6 86
.H 86 6 87
.H 87 6 88
.H 88 6 89
.H 89 6 90
.H 90 6 91
.H 91 6 92
.V 92 17 21
.V 92 6 17
.end
.begin 46
.V 83 17 21
.H 83 17 84
.H 84 17 85
.V 85 17 21
.H 85 17 86
.H 86 17 87
.H 87 17 88
.H 88 17 89
.H 89 17 90
.H 90 17 91
.V 91 14 17
.H 91 14 92
.V 92 0 3
.H 92 14 93
.H 92 3 93
.H 93 14 94
.H 93 3 94
.H 94 14 95
.H 94 3 95
.H 95 14 96
.H 95 3 96
.H 96 14 97
.H 96 3 97
.H 97 14 98
.H 97 3 98
.H 98 14 99
.H 98 3 99
.V 99 3 14
.H 99 14 100
.H 100 14 101
.H 101 14 102
.H 102 14 103
.H 103 14 104
.H 104 14 105
.H 105 14 106
.H 106 14 107
.H 107 14 108
.H 108 14 109
.H 109 14 110
.H 110 14 111
.H 111 14 112
.H 112 14 113
.H 113 14 114
.H 114 14 115
.H 115 14 116
.H 116 14 117
.H 117 14 118
.H 118 14 119
.H 119 14 120
.H 120 14 121
.H 121 14 122
.H 122 14 123
.H 123 14 124
.H 124 14 125
.H 125 14 126
.H 126 14 127
.H 127 14 128
.H 128 14 129
.H 129 14 130
.H 130 14 131
.H 131 14 132
.V 132 11 14
.H 132 11 133
.H 133 11 134
.H 134 11 135
.H 135 11 136
.H 136 11 137
.H 137 11 138
.H 138 11 139
.H 139 11 140
.H 140 11 141
.H 141 11 142
.H 142 11 143
.H 143 11 144
.H 144 11 145
.V 145 15 21
.V 145 11 15
.H 145 11 146
.H 146 11 147
.V 147 0 21
.end
.begin 47
.V 86 14 21
.H 86 14 87
.H 87 14 88
.H 88 14 89
.H 89 14 90
.V 90 4 14
.H 90 4 91
.H 91 4 92
.H 92 4 93
.V 93 0 4
.H 93 4 94
.H 94 4 95
.H 95 4 96
.H 96 4 97
.H 97 4 98
.H 98 4 99
.H 99 4 100
.V 100 0 3
.V 100 3 4
.H 100 4 101
.H 101 4 102
.H 102 4 103
.H 103 4 104
.H 104 4 105
.H 105 4 106
.H 106 4 107
.H 107 4 108
.H 108 4 109
.H 109 4 110
.H 110 4 111
.H 111 4 112
.H 112 4 113
.V 113 18 21
.H 113 18 114
.H 113 4 114
.V 114 4 18
.H 114 18 115
.V 115 18 21
.end
.begin 48
.V 87 5 21
.H 87 5 88
.V 88 0 2
.V 88 2 5
.end
.begin 49
.V 89 0 2
.H 89 2 90
.H 90 2 91
.H 91 2 92
.H 92 2 93
.H 93 2 94
.H 94 2 95
.H 95 2 96
.H 96 2 97
.H 97 2 98
.H 98 2 99
.H 99 2 100
.H 100 2 101
.H 101 2 102
.H 102 2 103
.H 103 2 104
.H 104 2 105
.H 105 2 106
.H 106 2 107
.H 107 2 108
.H 108 2 109
.V 109 18 21
.V 109 15 18
.H 109 15 110
.H 109 2 110
.H 110 15 111
.H 110 2 111
.H 111 15 112
.H 111 2 112
.H 112 15 113
.H 112 2 113
.H 113 15 114
.H 113 2 114
.H 114 15 115
.H 114 2 115
.V 115 2 15
.H 115 7 116
.H 116 7 117
.V 117 0 7
.H 117 7 118
.H 118 7 119
.H 119 7 120
.H 120 7 121
.H 121 7 122
.V 122 0 21
.end
.begin 50
.V 94 0 6
.H 94 6 95
.H 95 6 96
.H 96 6 97
.H 97 6 98
.H 98 6 99
.H 99 6 100
.H 100 6 101
.H 101 6 102
.H 102 6 103
.H 103 6 104
.V 104 19 21
.V 104 16 19
.H 104 16 105
.H 104 6 105
.V 105 6 16
.H 105 6 106
.H 106 6 107
.H 107 6 108
.H 108 6 109
.H 109 6 110
.H 110 6 111
.H 111 6 112
.V 112 0 6
.H 112 6 113
.H 113 6 114
.H 114 6 115
.H 115 6 116
.H 116 6 117
.H 117 6 118
.H 118 6 119
.H 119 6 120
.H 120 6 121
.H 121 6 122
.H 122 6 123
.V 123 18 21
.V 123 8 18
.H 123 8 124
.H 123 6 124
.V 124 6 8
.H 124 6 125
.H 125 6 126
.H 126 6 127
.V 127 0 6
.end
.begin 51
.V 95 20 21
.V 95 16 20
.H 95 16 96
.H 96 16 97
.H 97 16 98
.H 98 16 99
.H 99 16 100
.H 100 16 101
.V 101 13 16
.H 101 13 102
.H 102 13 103
.H 103 13 104
.V 104 0 10
.V 104 10 13
.end
.begin 52
.V 95 0 15
.H 95 15 96
.H 96 15 97
.H 97 15 98
.H 98 15 99
.H 99 15 100
.H 100 15 101
.H 101 15 102
.H 102 15 103
.H 103 15 104
.H 104 15 105
.H 105 15 106
.V 106 0 10
.V 106 10 15
.H 106 10 107
.H 107 10 108
.V 108 0 10
.H 108 10 109
.H 109 10 110
.H 110 10 111
.H 111 10 112
.H 112 10 113
.H 113 10 114
.H 114 10 115
.H 115 10 116
.H 116 10 117
.H 117 10 118
.H 118 10 119
.H 119 10 120
.H 120 10 121
.H 121 10 122
.H 122 10 123
.H 123 10 124
.H 124 10 125
.H 125 10 126
.H 126 10 127
.H 127 10 128
.H 128 10 129
.V 129 6 10
.H 129 6 130
.H 130 6 131
.V 131 3 6
.H 131 3 132
.H 132 3 133
.H 133 3 134
.H 134 3 135
.V 135 0 3
.H 135 3 136
.H 136 3 137
.H 137 3 138
.H 138 3 139
.H 139 3 140
.H 140 3 141
.H 141 3 142
.V 142 0 3
.H 142 3 143
.H 143 3 144
.H 144 3 145
.H 145 3 146
.H 146 3 147
.H 147 3 148
.H 148 3 149
.H 149 3 150
.H 150 3 151
.H 151 3 152
.H 152 3 153
.H 153 3 154
.H 154 3 155
.V 155 0 3
.H 155 3 156
.H 156 3 157
.H 157 3 158
.H 158 3 159
.H 159 3 160
.H 160 3 161
.H 161 3 162
.H 162 3 163
.H 163 3 164
.H 164 3 165
.H 165 3 166
.V 166 0 1
.V 166 1 3
.end
.begin 53
.V 97 0 13
.V 97 13 17
.H 97 17 98
.H 98 17 99
.H 99 17 100
.H 100 17 101
.H 101 17 102
.H 102 17 103
.H 103 17 104
.H 104 17 105
.H 105 17 106
.H 106 17 107
.H 107 17 108
.H 108 17 109
.H 109 17 110
.H 110 17 111
.H 111 17 112
.H 112 17 113
.H 113 17 114
.H 114 17 115
.H 115 17 116
.H 116 17 117
.V 117 17 20
.H 117 20 118
.V 118 20 21
.end
.begin 54
.V 105 19 21
.H 105 19 106
.H 106 19 107
.H 107 19 108
.H 108 19 109
.H 109 19 110
.H 110 19 111
.H 111 19 112
.H 112 19 113
.H 113 19 114
.H 114 19 115
.H 115 19 116
.H 116 19 117
.H 117 19 118
.H 118 19 119
.H 119 19 120
.H 120 19 121
.H 121 19 122
.H 122 19 123
.H 123 19 124
.H 124 19 125
.H 125 19 126
.H 126 19 127
.H 127 19 128
.H 128 19 129
.V 129 19 21
.H 129 19 130
.H 130 19 131
.V 131 19 21
.V 131 12 19
.H 131 12 132
.H 132 12 133
.H 133 12 134
.H 134 12 135
.H 135 12 136
.H 136 12 137
.H 137 12 138
.H 138 12 139
.H 139 12 140
.H 140 12 141
.H 141 12 142
.H 142 12 143
.H 143 12 144
.H 144 12 145
.H 145 12 146
.H 146 12 147
.H 147 12 148
.H 148 12 149
.H 149 12 150
.H 150 12 151
.H 151 12 152
.H 152 12 153
.H 153 12 154
.H 154 12 155
.H 155 12 156
.H 156 12 157
.H 157 12 158
.H 158 12 159
.H 159 12 160
.V 160 0 1
.V 160 1 12
.H 160 12 161
.H 161 12 162
.H 162 12 163
.H 163 12 164
.H 164 12 165
.H 165 12 166
.H 166 12 167
.V 167 20 21
.V 167 12 20
.end
.begin 55
.V 108 18 21
.V 108 12 18
.H 108 12 109
.H 109 12 110
.H 110 12 111
.H 111 12 112
.H 112 12 113
.H 113 12 114
.H 114 12 115
.H 115 12 116
.H 116 12 117
.H 117 12 118
.H 118 12 119
.H 119 12 120
.H 120 12 121
.H 121 12 122
.H 122 12 123
.H 123 12 124
.H 124 12 125
.H 125 12 126
.H 126 12 127
.H 127 12 128
.H 128 12 129
.H 129 12 130
.V 130 0 21
.H 130 10 131
.H 131 10 132
.H 132 10 133
.H 133 10 134
.V 134 19 21
.V 134 10 19
.H 134 10 135
.V 135 6 10
.H 135 6 136
.H 136 6 137
.H 137 6 138
.H 138 6 139
.H 139 6 140
.V 140 0 6
.V 140 6 13
.H 140 13 141
.V 141 13 16
.H 141 16 142
.H 142 16 143
.H 143 16 144
.H 144 16 145
.H 145 16 146
.H 146 16 147
.H 147 16 148
.H 148 16 149
.V 149 16 19
.H 149 19 150
.H 150 19 151
.H 151 19 152
.V 152 19 21
.H 152 19 153
.H 153 19 154
.V 154 19 21
.H 154 19 155
.H 155 19 156
.H 156 19 157
.H 157 19 158
.H 158 19 159
.H 159 19 160
.H 160 19 161
.H 161 19 162
.H 162 19 163
.H 163 19 164
.H 164 19 165
.H 165 19 166
.H 166 19 167
.H 167 19 168
.H 168 19 169
.H 169 19 170
.V 170 20 21
.V 170 19 20
.end
.begin 56
.V 113 0 7
.V 113 7 16
.H 113 16 114
.H 114 16 115
.H 115 16 116
.H 116 16 117
.H 117 16 118
.H 118 16 119
.H 119 16 120
.H 120 16 121
.H 121 16 122
.H 122 16 123
.H 123 16 124
.H 124 16 125
.H 125 16 126
.H 126 16 127
.H 127 16 128
.H 128 16 129
.H 129 16 130
.H 130 16 131
.H 131 16 132
.V 132 19 21
.V 132 16 19
.end
.begin 57
.V 116 0 2
.H 116 2 117
.H 117 2 118
.H 118 2 119
.H 119 2 120
.H 120 2 121
.H 121 2 122
.H 122 2 123
.H 123 2 124
.H 124 2 125
.H 125 2 126
.H 126 2 127
.H 127 2 128
.H 128 2 129
.H 129 2 130
.H 130 2 131
.H 131 2 132
.H 132 2 133
.H 133 2 134
.H 134 2 135
.H 135 2 136
.H 136 2 137
.H 137 2 138
.H 138 2 139
.H 139 2 140
.H 140 2 141
.H 141 2 142
.H 142 2 143
.H 143 2 144
.H 144 2 145
.H 145 2 146
.V 146 2 15
.H 146 15 147
.H 147 15 148
.H 148 15 149
.H 149 15 150
.H 150 15 151
.H 151 15 152
.H 152 15 153
.H 153 15 154
.H 154 15 155
.H 155 15 156
.V 156 15 20
.H 156 20 157
.H 157 20 158
.H 158 20 159
.H 159 20 160
.H 160 20 161
.H 161 20 162
.H 162 20 163
.H 163 20 164
.H 164 20 165
.V 165 20 21
.end
.begin 58
.V 119 20 21
.H 119 20 120
.H 120 20 121
.H 121 20 122
.H 122 20 123
.H 123 20 124
.H 124 20 125
.H 125 20 126
.H 126 20 127
.H 127 20 128
.H 128 20 129
.H 129 20 130
.H 130 20 131
.H 131 20 132
.H 132 20 133
.H 133 20 134
.H 134 20 135
.H 135 20 136
.H 136 20 137
.H 137 20 138
.H 138 20 139
.H 139 20 140
.H 140 20 141
.H 141 20 142
.H 142 20 143
.H 143 20 144
.H 144 20 145
.H 145 20 146
.H 146 20 147
.H 147 20 148
.H 148 20 149
.H 149 20 150
.H 150 20 151
.H 151 20 152
.H 152 20 153
.V 153 20 21
.H 153 20 154
.H 154 20 155
.V 155 20 21
.end
.begin 59
.V 123 0 7
.H 123 7 124
.H 124 7 125
.H 125 7 126
.H 126 7 127
.V 127 7 13
.H 127 13 128
.V 128 13 21
.end
.begin 60
.V 126 18 21
.H 126 18 127
.H 127 18 128
.H 128 18 129
.H 129 18 130
.H 130 18 131
.H 131 18 132
.H 132 18 133
.H 133 18 134
.H 134 18 135
.H 135 18 136
.H 136 18 137
.H 137 18 138
.H 138 18 139
.H 139 18 140
.H 140 18 141
.H 141 18 142
.V 142 18 21
.V 142 9 18
.H 142 9 143
.H 143 9 144
.H 144 9 145
.H 145 9 146
.H 146 9 147
.H 147 9 148
.H 148 9 149
.H 149 9 150
.H 150 9 151
.H 151 9 152
.V 152 6 9
.H 152 6 153
.H 153 6 154
.H 154 6 155
.H 155 6 156
.H 156 6 157
.H 157 6 158
.V 158 0 1
.V 158 1 6
.end
.begin 61
.V 126 0 8
.V 126 8 17
.H 126 17 127
.H 127 17 128
.H 128 17 129
.H 129 17 130
.H 130 17 131
.H 131 17 132
.H 132 17 133
.H 133 17 134
.H 134 17 135
.H 135 17 136
.H 136 17 137
.H 137 17 138
.H 138 17 139
.H 139 17 140
.H 140 17 141
.H 141 17 142
.H 142 17 143
.H 143 17 144
.H 144 17 145
.H 145 17 146
.H 146 17 147
.H 147 17 148
.H 148 17 149
.H 149 17 150
.H 150 17 151
.H 151 17 152
.H 152 17 153
.H 153 17 154
.H 154 17 155
.H 155 17 156
.H 156 17 157
.H 157 17 158
.H 158 17 159
.H 159 17 160
.H 160 17 161
.H 161 17 162
.H 162 17 163
.H 163 17 164
.H 164 17 165
.H 165 17 166
.H 166 17 167
.H 167 17 168
.H 168 17 169
.H 169 17 170
.H 170 17 171
.V 171 20 21
.V 171 17 20
.end
.begin 62
.V 127 15 21
.H 127 15 128
.H 128 15 129
.V 129 11 15
.H 129 11 130
.H 130 11 131
.V 131 7 11
.H 131 7 132
.H 132 7 133
.H 133 7 134
.H 134 7 135
.H 135 7 136
.H 136 7 137
.H 137 7 138
.H 138 7 139
.H 139 7 140
.H 140 7 141
.H 141 7 142
.H 142 7 143
.H 143 7 144
.H 144 7 145
.H 145 7 146
.H 146 7 147
.H 147 7 148
.V 148 0 2
.V 148 2 7
.H 148 7 149
.H 149 7 150
.H 150 7 151
.H 151 7 152
.H 152 7 153
.H 153 7 154
.H 154 7 155
.H 155 7 156
.H 156 7 157
.H 157 7 158
.H 158 7 159
.V 159 0 1
.V 159 1 7
.V 159 7 18
.H 159 18 160
.H 160 18 161
.H 161 18 162
.H 162 18 163
.H 163 18 164
.H 164 18 165
.H 165 18 166
.V 166 20 21
.V 166 18 20
.end
.begin 63
.V 133 19 21
.V 133 8 19
.H 133 8 134
.H 134 8 135
.H 135 8 136
.H 136 8 137
.H 137 8 138
.H 138 8 139
.V 139 0 8
.H 139 8 140
.H 140 8 141
.H 141 8 142
.H 142 8 143
.H 143 8 144
.H 144 8 145
.H 145 8 146
.H 146 8 147
.H 147 8 148
.H 148 8 149
.V 149 0 2
.V 149 2 8
.H 149 8 150
.H 150 8 151
.H 151 8 152
.H 152 8 153
.H 153 8 154
.H 154 8 155
.H 155 8 156
.H 156 8 157
.H 157 8 158
.H 158 8 159
.H 159 8 160
.H 160 8 161
.V 161 0 21
.H 161 13 162
.H 162 13 163
.V 163 14 21
.V 163 13 14
.H 163 14 164
.H 164 14 165
.H 165 14 166
.H 166 14 167
.H 167 14 168
.H 168 14 169
.H 169 14 170
.V 170 14 18
.H 170 18 171
.H 171 18 172
.V 172 20 21
.V 172 18 20
.end
.begin 64
.V 133 0 6
.H 133 6 134
.V 134 6 9
.H 134 9 135
.H 135 9 136
.H 136 9 137
.H 137 9 138
.H 138 9 139
.V 139 9 14
.H 139 14 140
.H 140 14 141
.H 141 14 142
.H 142 14 143
.H 143 14 144
.H 144 14 145
.H 145 14 146
.H 146 14 147
.H 147 14 148
.H 148 14 149
.H 149 14 150
.H 150 14 151
.V 151 14 18
.H 151 18 152
.H 152 18 153
.H 153 18 154
.H 154 18 155
.H 155 18 156
.H 156 18 157
.V 157 18 21
.end
.begin 65
.V 135 19 21
.V 135 13 19
.H 135 13 136
.H 136 13 137
.V 137 10 13
.H 137 10 138
.H 138 10 139
.H 139 10 140
.H 140 10 141
.V 141 6 10
.H 141 6 142
.H 142 6 143
.H 143 6 144
.H 144 6 145
.H 145 6 146
.H 146 6 147
.H 147 6 148
.H 148 6 149
.H 149 6 150
.H 150 6 151
.V 151 2 6
.H 151 2 152
.H 152 2 153
.V 153 0 2
.end
.begin 66
.V 137 16 21
.H 137 16 138
.H 138 16 139
.V 139 16 21
.end
.begin 67
.V 137 0 1
.H 137 1 138
.H 138 1 139
.H 139 1 140
.H 140 1 141
.H 141 1 142
.H 142 1 143
.H 143 1 144
.H 144 1 145
.H 145 1 146
.H 146 1 147
.H 147 1 148
.H 148 1 149
.H 149 1 150
.H 150 1 151
.H 151 1 152
.H 152 1 153
.H 153 1 154
.H 154 1 155
.H 155 1 156
.V 156 1 9
.H 156 9 157
.H 157 9 158
.H 158 9 159
.H 159 9 160
.H 160 9 161
.H 161 9 162
.H 162 9 163
.H 163 9 164
.H 164 9 165
.H 165 9 166
.H 166 9 167
.V 167 0 1
.V 167 1 9
.H 167 9 168
.V 168 9 13
.H 168 13 169
.V 169 20 21
.V 169 13 20
.end
.begin 68
.V 138 0 21
.H 138 15 139
.H 139 15 140
.V 140 16 21
.V 140 15 16
.H 140 15 141
.H 141 15 142
.H 142 15 143
.V 143 18 21
.V 143 15 18
.V 143 10 15
.H 143 10 144
.H 144 10 145
.H 145 10 146
.H 146 10 147
.H 147 10 148
.H 148 10 149
.H 149 10 150
.V 150 0 2
.V 150 2 10
.V 150 10 16
.H 150 16 151
.H 151 16 152
.H 152 16 153
.H 153 16 154
.H 154 16 155
.H 155 16 156
.H 156 16 157
.H 157 16 158
.H 158 16 159
.H 159 16 160
.H 160 16 161
.H 161 16 162
.H 162 16 163
.H 163 16 164
.H 164 16 165
.H 165 16 166
.H 166 16 167
.H 167 16 168
.H 168 16 169
.H 169 16 170
.H 170 16 171
.H 171 16 172
.H 172 16 173
.V 173 20 21
.V 173 16 20
.end
.begin 69
.V 144 0 13
.V 144 13 18
.H 144 18 145
.H 145 18 146
.H 146 18 147
.H 147 18 148
.H 148 18 149
.H 149 18 150
.V 150 18 21
.end
.begin 70
.V 157 0 1
.V 157 1 15
.H 157 15 158
.H 158 15 159
.H 159 15 160
.H 160 15 161
.H 161 15 162
.H 162 15 163
.H 163 15 164
.H 164 15 165
.H 165 15 166
.H 166 15 167
.H 167 15 168
.V 168 20 21
.V 168 15 20
.end
.begin 71
.V 158 18 21
.V 158 10 18
.H 158 10 159
.H 159 10 160
.H 160 10 161
.H 161 10 162
.V 162 5 10
.H 162 5 163
.H 163 5 164
.V 164 0 1
.V 164 1 5
.end
.begin 72
.V 160 14 21
.H 160 14 161
.H 161 14 162
.V 162 14 21
.end
